2682.521344093351
1813.3740261312319
1278.779885268575
1279.0808391004489
1925.2532030155858
2973.2553169174703
1184.3045943115158
2906.3447825016683
1014.8807475111236
2558.296153059867
2593.2935057565965
2451.057252457529
865.1705423739645
767.5458503930963
2613.938835525466
2398.6710826381777
1178.0876729308384
1545.9872470923933
1534.165100773927
2704.393060479629
1297.5516799854254
2490.1927569797654
1102.2168316490688
2046.0288902234677
2998.595188507261
967.277216842619
1671.629875487454
1011.2326542628554
968.7314838139722
2297.637162396006
2640.8265877348676
2616.181343521947
1294.9717896085378
749.4535590187775
2161.2473843644216
2946.3160143811456
1848.2187121468291
2855.120208561137
1671.7933084950748
2913.4284745017962
2019.5596697963888
1406.5811381181732
2935.894356436053
745.3678736993953
1361.2790955723772
739.099611217605
878.7890639597266
2606.3755236157394
2830.548955018595
2750.562810934934
1702.951584149515
651.1510258222437
2682.4870697868114
1235.0927114013566
1787.28228480619
1646.37475929989
2150.2152129954557
707.597544701783
777.3235717092498
2498.241044321422
539.5735534582939
2101.5982585492434
2601.8450422467854
1974.43477310901
763.9949116657308
2791.467069238371
2595.497520793889
2205.544352648063
1975.7685367561985
858.4048936212508
1524.0033009873243
1341.5099272588986
629.7498944895107
1133.7822372548915
1182.1665506144473
1827.1709898325837
1408.9628067858946
2845.3007532475585
1898.4220704562472
1889.8645113436562
2229.0611582767906
2094.286264836134
2325.407397559725
2576.9255919041925
2957.8710547858154
1137.2384976147289
804.9166531912717
2848.589727453416
1273.900232892886
1416.9397476578602
2694.8298408258506
1978.1550439353312
1386.8099585007635
1222.8790767437094
1552.4089564712785
2025.456823172754
509.00688387306474
2516.452350927616
2567.0961347402454
1896.3641278331568
1656.1367318679395
2177.7406113011903
2144.5140669274947
854.3829511338084
2429.299583496767
1592.5038803926818
2459.8974846935066
2910.2341649541227
768.7517024033225
2083.525347205459
807.9931532410951
1279.7869782323546
2893.5149425262443
899.3701731220847
2626.5427865844367
531.3786998247725
1071.5017113140202
2377.3000590036404
1144.697061353803
2796.717408429439
2940.6599030797174
2249.6844654288416
2597.604708303191
2912.6337343813343
1480.7361552813456
825.369881286962
2452.1800237400303
714.3099084883493
2338.7211076341064
1405.1084733801813
1897.708515751209
2233.334449380207
2874.8736181324616
1796.4901245214405
2106.9232076903772
2454.1195435586924
2529.1109973089174
1626.2867939309012
1607.1905496374982
1306.8787526441383
2845.258458287951
2704.6775181540334
820.4005521633441
2099.3349875848508
2545.780355459226
1325.543638512117
1382.2087895474317
1299.6339547084503
1501.4895522391025
1752.1667515406114
1068.816818840418
638.5854599019551
2578.166683053658
1074.914970790101
2132.967784464584
1339.6516555456071
2212.3025883998944
2407.6430623843735
1283.0253432799404
1052.496608546688
783.1235621065883
2451.287799934639
648.1079663039764
1500.5905702284572
1221.006022228873
1606.0699586069697
1529.5943416135578
2996.689674185024
2478.5760819255747
1258.5360442418862
1892.8594755448646
1625.1700981640697
2867.805435415818
1352.3263743202083
2099.3679665394006
2559.5717876701706
1402.0926341925324
1701.3279949006294
1685.3821259657204
1183.408291236814
2723.0120408984267
2788.705351050201
1305.470263939452
2109.778494098269
715.5447657477225
558.8167741015858
938.6157655650846
1848.7583914900358
2638.6793878363387
2324.455609629977
1068.5182700778073
1363.815850310546
1259.5406974567898
1220.471524338261
1896.876365377754
1164.903056370825
1736.4027494620038
2324.5798422150647
2103.5340506275106
2505.3573397601635
2244.118234376977
1083.4181284791068
866.5288124024662
2279.710546133486
1662.2825814902112
1142.2786143800795
1856.9161097239826
1629.487153885121
2049.893804042001
1215.4006121935072
1101.5881164792868
2794.7092277329907
2427.437627332297
801.8742882452011
2440.3987547949
2063.465572500285
1808.6188849203354
1231.3707488030418
1593.590778544868
2874.5288165482593
1535.1467340640222
2834.0798803007156
2168.5319133436933
943.2338557296187
2507.7371866312624
2042.9651782906737
872.1956547417982
2578.2930659895433
611.4810506386971
1955.3159181602157
892.9191623018904
2608.71323801913
750.896720134609
2972.730060608174
1605.7268137595338
2017.1546433370859
2719.1399085820863
2067.5106203766304
1350.289265085772
1415.1644809529353
1228.1658551638595
2680.2230691634277
1733.950238921973
2480.1431969739797
2709.773964731576
901.2810002155878
2541.2573024895555
2836.9155512999414
1453.340627215932
2206.9926078723297
887.5006084598476
2804.6730032406185
1990.2897328240424
1369.220963878307
2258.3497872968774
733.3231694454363
655.9456565496156
2342.2325596544915
740.4354190042127
2584.341904501799
2497.2216089780422
2941.4129752125395
946.0276472656238
2661.6671697973243
1338.3578103404468
2778.6634097867577
698.224522532833
1369.089502554552
1916.854110256444
2584.266413225879
694.1909916283455
2840.428232443859
1891.4260583064593
2804.6942834270294
1358.1895435045758
1083.9640252662566
1976.25755147368
1909.4246365893273
703.6078547617801
2703.524769724687
2359.894708203843
2207.2608620701585
1980.508600044708
1511.1263618533892
1509.502839720701
1996.3700777968777
1008.1322643509814
642.8455324268168
1233.91670240771
1977.9560232918195
1836.7331632762111
1188.7489262481859
1462.4138457386089
2952.68087150549
1772.3473932305985
1134.1758803937082
1617.726046372751
581.6417986601281
860.1413679491822
1996.79958194464
2705.000268330032
1524.9100959482419
532.8937339712551
585.348709610865
1760.4039553732202
1163.1629995562275
1184.2251951646467
2829.9958477635614
1130.7493948870706
1544.9538828463146
1429.973254371385
2226.8880385343973
1068.4919267005116
761.7456631233888
2352.929972048335
2713.5892849621705
1446.3400317642986
1184.7501598761996
1666.9851338768528
719.0274323664623
1713.6011076483082
1927.0604434301458
576.5205328812649
1145.4347084890173
1036.3967875484063
2907.49112708115
2648.3635850427468
862.5053549794154
628.3433810586359
2840.5344322570395
2109.9639333323116
533.9058427830222
1914.5380596108048
1420.1260784064093
928.3220170557023
1051.5513359247466
2959.987457744638
573.1252887596476
1242.8674869156125
688.4815366331508
1613.0534317629
1533.6085997717466
1473.943270878348
1365.4123571161208
2815.3175832895236
2143.5239787751793
502.3672590329768
2061.4659050255777
1589.621687626639
923.2271921976987
2765.3365264632484
1251.2552237669915
1779.440960126969
1403.2015133167401
2537.7565898850985
2780.8112042225644
644.729700896195
1142.479622163166
2236.9464810088293
1365.456445505672
2626.9399438788473
2178.021635968076
2187.346712175213
2796.1582066274523
1875.313458732736
590.26764275193
1287.2080807036673
2142.7281127034166
874.1316671916037
531.8471531456887
1757.857968545357
1787.312864175147
2412.032670304572
1748.1467551367941
1740.622108816974
1118.7351989825975
1081.8417359832758
1444.4105298396676
1335.3414987460496
2414.1300553959927
1575.3159199483257
1140.963356189015
1462.3395022368722
1692.7662928885336
2650.5170226999203
2423.533066360663
2994.8344906209127
1202.9871198051812
1451.1548206419034
837.4267923971161
798.1764500639706
1588.2564202754638
1425.6942910752682
1599.485499207849
2208.849156597026
1289.0501231117455
2536.950522434111
2986.1349790244526
1650.551871802295
1253.3969751448712
726.0369333300732
1566.4021992926112
2219.4620290294224
2966.55960555408
1638.7620752228047
2940.337237838064
2089.171139941449
502.1358554291134
1316.5632620116521
892.6490496546503
826.7636959665349
2654.9680321991746
1067.7205265945618
554.3698621929209
2157.687339708654
1051.6413297147008
1256.2456355609997
1784.9084480287418
788.275689480007
1583.5898249890558
1104.7665661448484
1693.4712343817298
1199.5061995683943
1274.386684355748
1478.5513327826395
1349.8639207040287
1027.659644620817
626.1856046510443
1539.3091726240957
1294.7777711001745
1494.1347127499898
1374.206053739892
1978.557418072743
2627.9561695001353
1658.8809698094096
530.7490347267692
1491.4038115827775
1581.9534317557636
1985.9208715499649
585.5605969046521
1818.3779916351089
2973.6796872214013
1571.193252623553
1184.7431548982622
1635.859073117265
1623.473653872048
1700.9512117516394
902.4328067375183
651.2281439068191
2894.5566111299986
2139.7601678990095
1840.0220119979567
666.3374664722689
2348.5272974627196
1612.7662593798661
1989.8677556111222
2972.9215785862257
2479.840204259821
2653.6647597628357
2864.2443510514104
923.6714975622499
2008.2510297575054
1955.1618899400542
1013.6287565745848
2770.908646958234
1110.7500301528662
2587.679491809029
806.6607649939485
806.848576391875
1581.5992207116258
1033.771929451999
1714.1668148357853
1540.0916491060266
1548.1095600756285
1979.9118971129128
2144.9126022980854
2373.750373557652
2657.7285009908796
821.7787944559843
668.7530592888631
2199.637421049776
2437.5267660137188
2457.9672888438286
1911.8783604459459
2383.479509219765
1785.3494383067214
524.0695931525541
1383.7431388792943
1447.5327350843527
1241.9821694765044
1489.393484757105
1625.764307158176
2113.7856133973983
1483.1534022702251
1738.2924430697287
1828.6291797497445
1115.1563890147686
657.9920704087176
2833.3922351944066
882.4822913120785
1005.9393122863781
1048.5459122886627
1664.4297378376887
1766.4992900005664
1709.3434415718716
2457.6972660521615
1743.005753072048
727.1104337148563
