194.98806091295148
272.21038489454213
248.16199497039875
110.96539562481516
136.97704516117824
225.03903148993237
54.938000019295565
295.328032050007
153.23357695076805
193.81188587286962
61.528086989774806
132.05551929849756
122.90970290528928
178.55977320390417
195.8515435602759
222.33697583122236
261.86048914969194
113.64354824585591
275.9174801668314
110.76246680417952
193.69130290601368
203.01161193636736
72.36384898087432
57.1855455100649
128.7596260985244
124.48100447800837
238.6596449518317
73.51555281240731
157.40233892638574
236.74965778372874
285.38830299498136
197.39770553006645
296.97575507628574
283.6706715039816
173.86646784607967
246.10353956302993
286.4224287166912
73.84583239296298
121.10777774622046
73.06176170691587
247.3368937707193
222.1503377902228
295.56532057639697
110.12933245191735
184.9055493263792
133.79112766321754
229.10612105428459
212.48323750953145
188.1871453425335
169.45275962168736
275.3514113516263
299.2825442529914
160.25529036745894
278.9043432844484
102.77652148545236
145.0216019505157
129.05888236315838
104.08234434985395
57.48729991611474
128.51079103414898
218.76674458133834
265.7568783153133
251.97279597308778
114.90978175043432
100.52063018477756
104.47676217271183
284.5767982397923
267.23471212661605
97.03565893118214
243.58577585976056
248.44409210742023
180.41730171246132
234.10544250504836
196.39059186223182
155.1939383409629
146.82362576565083
232.66326282701587
51.77615961699901
177.95012637385412
84.05678835832197
186.10189475065874
130.31774202344386
143.29807475471586
209.97109588060914
240.54339660021478
188.98233365303562
80.08822931048661
272.6267723549114
224.33602733426966
292.46979986478243
140.65980910891128
286.0733317535655
122.89442127847107
243.53992371898318
76.39367837430667
224.51419468005514
98.4095056237889
62.106077802136404
107.38505382687677
68.40981620242817
153.49546160419402
106.50984045464833
274.3259609391981
292.88935292694845
120.24535638479968
56.93022123882761
185.42825805464966
58.75478979352193
293.02276643435573
124.28817448961772
201.87440994209695
209.76930462235825
197.44930669405446
256.9555816650686
119.65211562772764
230.26969071156958
236.3695090518121
182.38114790336354
269.77733179018594
278.30140348251314
246.48167386900124
212.74896731364967
192.20913771080296
287.21648604893807
152.69424046458607
51.72357993167591
153.89730773318018
100.99727807426515
115.59745583765186
58.60421734397479
170.8027059470211
229.1588094936833
250.95620542207354
254.47512595457889
255.37938624219657
50.945127373766034
130.13917464336288
131.01123372018964
295.73597400833034
86.2564405155851
225.64978410384288
138.17538675820492
252.9712156222701
130.46326814632653
232.64954614984143
296.56607127724743
218.46108438269098
138.18192182722998
200.64658537828274
130.1511747529139
53.25867435913302
104.33692919958472
257.7540368580835
218.12729956511896
291.47121103755035
298.47996605810624
76.12691251597147
271.9187462138605
213.5834425495071
221.3094245115787
133.59835560772632
74.29814150281345
266.45833977743155
258.4878591955812
184.2278136822852
144.60109441213007
73.95626887032893
112.18438466314618
139.57247794673356
159.1130237784409
290.6925514296982
294.2074948156484
274.13434766260195
268.9357160390068
188.02715714655236
234.18005136339684
242.0760060853891
180.42862408876147
215.81215113024513
268.60964357086266
123.45084554525246
56.172400824832806
113.39901762858247
187.58310457811064
224.26055464172865
162.95990156626695
116.68058897045914
190.6061079178127
272.2811688278864
56.036214766911186
269.8730344648877
120.85890553190949
266.5642151262292
175.83929602638827
208.48547765959566
298.01331428895116
69.46355094325503
113.14570037743906
72.23186178177785
298.4308085958949
174.5534303162792
172.81059860638914
78.6285350789364
127.0217196694406
115.76239056058108
135.4266341087952
290.38123763577534
176.5956317913719
118.08092172618643
236.31670870551105
67.94894567583513
276.75512377689324
105.30237946866032
102.03907969239054
228.3685838167415
189.08781911860765
224.4804315976855
170.59331573408986
276.77186614918173
212.14860280860893
294.8848320487175
228.17185563949107
154.78988425176985
57.40565065617746
198.8277612157064
132.9434686125078
159.96645844809518
188.41417814891958
292.42738323329326
222.27560200527688
158.45178549700267
116.14923567350289
179.64948428838346
201.02696761473084
131.0215441202898
159.97859724121432
84.4113493201267
77.35364603479846
110.7387673173858
121.91183181448136
198.9254355391608
256.0294231567524
167.95063753811863
66.21448464792886
164.7684696323017
292.1531971935651
263.0330662969844
99.00402355926317
287.7891779940893
140.81358406351333
118.60079695776363
239.16149704659625
127.89958147225401
62.88420251550032
198.3776648371967
101.43633085255547
84.55507034300015
196.90763417971235
100.978662646549
148.21218727842216
267.7196136411005
102.72821236933856
223.93311949055817
80.48501213321283
263.3916619423829
151.11991102198238
271.8465126852709
191.25742409106692
114.08083460417996
265.1508897972578
93.23807100432606
108.22306037604791
106.99537226228401
261.4963739989874
134.5130748032509
84.3586773976142
61.920743799307964
198.06967242737417
182.11393671785248
207.93695663674941
267.1261891398275
275.0606416160167
176.4987869051422
105.97744677061695
134.20090941455038
102.08634926819542
127.55741137640834
58.63493059037529
127.22322988290433
57.7235959050293
237.33406754947802
102.60801591895506
183.25782648163556
231.87036050734153
202.24653415119124
175.18584432115966
234.70926785736634
129.5743019381938
130.67088999837105
89.16206804932307
274.2615780754186
210.7659343669487
257.40429460324737
253.40139791392286
255.12540542043504
284.49434344293905
154.11301959197266
96.0704246840593
128.0106071539343
54.21867785158736
83.36029939986989
50.683720267467436
71.43423367835356
90.54963995358516
71.48544348878958
270.5330835559946
217.5903321576251
122.22540666188767
134.83070961484634
76.79815624836318
199.50971974506885
187.04848166504436
86.72248520482279
169.2026614498949
245.96088466192762
125.92594927957774
68.33759351434944
142.1646996425039
239.47860630857917
73.65137595493655
234.16580423541367
191.32777623989347
115.58288098049626
164.40235452033613
95.6938654337721
255.59909199895506
291.5365549692262
80.61319081110403
268.1242020153294
82.78208212031129
130.78375650266887
115.75192992608014
222.66118072177383
240.61338980899646
118.6447277337413
203.87773071173493
258.3640224255689
157.97301990484073
127.02345552801634
82.13746255048864
207.51893642464225
229.73924918910393
194.93572818603798
274.2019138732799
175.8866411445737
265.57918745346785
261.1538533046653
170.13548912445486
244.8433205188447
185.92054179352735
217.37395379950942
144.63141164146683
237.435749708709
224.41744403319368
181.77170107920307
229.68091860124017
171.42311443569864
63.64671895942915
166.58932771452555
249.08673290107387
201.88084420585471
159.0979215851294
105.77873332995824
93.84001260669729
176.0260682675829
125.47606813562943
174.5121207335049
148.0433759467742
206.7595097290843
145.90330441360447
173.95865747240245
171.51233134150874
70.03463118079523
58.381013764074766
58.23991992993128
277.10622836021815
273.5184428055453
191.97500663728368
294.650539005749
67.26378295190558
277.912788136133
201.48778202705813
87.52293429213505
84.80783167123525
129.98913984372402
205.75678150957765
148.46808274931354
66.2093067150614
252.4074013164564
73.71066108614484
251.56956239897286
173.26024471855973
175.62864777381574
292.9733816552242
91.43351148497337
179.8472451837842
136.37450731219883
273.97392247400086
173.8294704907101
297.47646943556924
166.47397355572622
288.35501368078417
260.54720302689225
246.858081076072
257.6568109858955
189.25322360162724
192.34656119167786
57.47177363332252
113.22312243453088
138.6125069696423
182.24921202986488
147.56422635683379
88.51077792336565
229.30776197034345
158.29175820757317
125.3805936490377
155.42723972174025
78.87504923148634
175.23315130307844
202.3420659660045
175.0630518802772
161.67751810234773
273.8457130229341
290.8450898239238
219.2721472772439
231.73675304202715
273.87643687373026
274.0519502039633
292.2487631185816
95.26945397769255
257.39367211562256
273.6084254863607
129.5142479422923
251.01602622426407
206.29131563117573
149.9136756451656
224.91850359294304
79.91604870289227
108.51801131526815
58.06392492166589
285.186049562864
71.73576878680205
83.65805370660313
150.39635072644847
111.09091741192077
279.36529641028255
168.68302960211741
292.2631682039347
255.95599366829083
222.24982090540354
177.30004967738785
166.6384123024269
157.05790814485937
197.7051338564824
200.26862852667193
278.5094904939727
285.63083966649543
92.29123112889147
163.3642044084678
109.16439958810388
237.04245388356733
98.31013409616727
207.54369070762897
254.8062076941789
165.2454461360096
98.26557083419215
120.21014997404836
91.21404777354661
223.48314482748282
84.31163126747161
282.1614036591553
149.91793020556472
188.15251109525283
63.28014307965522
187.61822868864573
177.90919628445664
194.05133924763183
166.38997715313036
210.40933948010246
95.1857190596318
251.84495205114993
172.41581128590485
55.700210852197685
191.39434785932153
99.65495491781715
92.89744723042111
158.49572440958403
156.44055491189752
237.2082723408598
112.19825110912336
232.8391026481362
118.1950665740143
70.07912058713609
57.835809242993875
181.72895523096798
79.79657982278528
248.4618497152916
213.7975876744078
