0.11177045751320246
0.26033295335101103
0.2968358188501635
0.3579592527136516
0.44591710330356893
0.12714311898643307
0.3626178943917975
0.21325907345458026
0.4958052095752262
0.47444086404119046
0.3144905605825268
0.20324421009770163
0.22747926631774892
0.4597671516677345
0.4816584649056479
0.41000680036052883
0.2588047300141417
0.25172963676605137
0.4800253437208455
0.3849258706005041
0.4672382978093188
0.30117800257979055
0.4548765870829825
0.30416760838140033
0.11805834649089123
0.24309702479569417
0.10099304881144495
0.49900153564027516
0.44816790006443774
0.35539836862351326
0.31157694110093975
0.31516242784711024
0.4930547845935678
0.3157908905442988
0.3614037871309892
0.4304412677519992
0.3053061529682435
0.3869265772678079
0.4684469316775367
0.3907776686220924
0.16384673386604565
0.2375610112191624
0.31216074938036453
0.287823635125875
0.4599286824246621
0.4836577717857756
0.26495768713246753
0.40538907952305037
0.1617545817649528
0.19352512558873447
0.45953797440584143
0.2548095726821902
0.18269825032450646
0.33151117736387514
0.45548973816798133
0.47584900874959424
0.23065974807848688
0.4379090581105177
0.2841145695556655
0.3561976234946006
0.3424618831012771
0.4568437246189222
0.4780997993955989
0.24455756665443437
0.36388658459986123
0.1987549097697858
0.2590197748161743
0.106323570461194
0.13442713249212798
0.17731611809008882
0.29773435409338017
0.2567008664525581
0.2956101822833759
0.24811032196587016
0.32880276708603173
0.15848943524171008
0.21231841404673046
0.16783552527928952
0.2560799787181881
0.3810056763122699
0.3961301586245348
0.22715386011034006
0.11236946118040239
0.4141634049433579
0.30672318438340557
0.4240891430266249
0.31747737602972426
0.25289671188341445
0.1855243102537879
0.12143183230795059
0.3956533059421262
0.4594869836671722
0.19211317774884026
0.3906312897353642
0.3980222654973683
0.3431221121123707
0.10882610719871195
0.4706621691186722
0.10793979753360294
0.35434973690655447
0.22651476870989515
0.4664881976137344
0.2950054680146881
0.29564339012919827
0.2720506881120597
0.24043584020980935
0.1785782217409469
0.37650750176833403
0.1637956586315275
0.44104798841078374
0.36244795655638085
0.3808872570174324
0.4999873754034331
0.15487248966763506
0.3896506596568272
0.3062369878750746
0.16236638786156316
0.2992983355803094
0.36038425939211705
0.3678800758290872
0.28016681161947365
0.15246822077054742
0.300516893776796
0.44183305983058263
0.17049161234607357
0.3194379824379049
0.13454125204199358
0.3840136016157577
0.32193886068240385
0.28143452875500297
0.25523393835331654
0.16602576787869933
0.27233304171371
0.4524829584287481
0.35738308145279674
0.19619387814258468
0.377543632917136
0.1913472280566181
0.2318474152343606
0.21167118468521473
0.47173236800530305
0.1539073645111474
0.25273792461028566
0.16575491157270827
0.32749471776756517
0.4851226097485174
0.22859770427759757
0.1276059227648518
0.17856102648962524
0.4183137310826893
0.48110750128295765
0.13191256375297697
0.31042727942662457
0.3548458705188289
0.1256102107082962
0.4410538828404402
0.12363040527070762
0.4782672800995752
0.24264293956424574
0.44018096573624266
0.35575557910544875
0.18901736028954505
0.217282919013512
0.4690078697242074
0.19615898517583374
0.31749148467194593
0.15304004336535915
0.41403397682857823
0.3983820270728846
0.1416397076974279
0.39695532081312335
0.22836025908395882
0.33166079788667824
0.4233865152302999
0.20702545452265544
0.33774542433152943
0.24435432579057026
0.2835964941478668
0.43848439327498223
0.46214545264352325
0.10492831366646978
0.21155457243239512
0.43998437742363283
0.15285433660483738
0.13605082019903986
0.34771870241099034
0.12577006490202827
0.48895752796122405
0.3209042445182161
0.27792092321567236
0.36191998490214117
0.25565155435854564
0.3653757745999656
0.30915056798518814
0.44424269813666295
0.4177361552910789
0.4260074628549376
0.3644706230477205
0.304629436696205
0.17485587960739074
0.16939945969900894
0.45866401994126116
0.25360480182881695
0.25120374992467737
0.4557200484458004
0.11716939245848766
0.3267856810359595
0.32863365265422795
0.16525862208213393
0.1186815482041717
0.37856101720527857
0.20816765495016043
0.3516159264368186
0.38781121106625427
0.3689967422639905
0.1680324046892529
0.28034838097917364
0.40924447348947035
0.22706853667738122
0.2714450749251802
0.21731353461517755
0.43100087898166617
0.27562428826843843
0.16899192465084034
0.24168832483647368
0.20566287095015745
0.19935410169191645
0.24520770643434694
0.2049726161983955
0.1239492794035067
0.22813531070186435
0.38325859364979153
0.29021718810985775
0.4236127260301572
0.2529631923968579
0.31191250650564456
0.18783223100035473
0.37551890531743837
0.3233187786764744
0.3638669319633824
0.42047901478073757
0.34825958084078384
0.49429612794358213
0.37663512672620814
0.11014703184401019
0.20208603150020213
0.4376424615222074
0.4971798321181079
0.15517042538740441
0.33594969842014066
0.4369477555014476
0.22520188889689569
0.4729875112828156
0.20870752250352964
0.39357267897109716
0.38654073448061077
0.3102767584918391
0.2664384860500201
0.2585762337327787
0.49511413074399313
0.38590433705767235
0.39668799074483585
0.4536244319981393
0.43787317974583395
0.12744977847397454
0.4930186476972047
0.12524277782375198
0.15666057801081912
0.2711175299168805
0.49623414121265663
0.4069437329073221
0.22801845084772843
0.3770573994586671
0.35118225650615476
0.384200468540821
0.24892823717286144
0.12686039604054697
0.4350606952788747
0.30808607092418155
0.20041120858515293
0.245696740383046
0.15348815485765802
0.49740269103803747
0.17188484617605465
0.22834596236891774
0.4948880513856032
0.30243102516684656
0.14422610916932455
0.40554681880208177
0.1613279481080325
0.22662746838562048
0.39680588575583564
0.41403221368372856
0.37356755362681704
0.16002471314916433
0.3686880285916241
0.3872495515865436
0.46999948789752566
0.37566448767698435
0.1145174160790147
0.27637492314576306
0.48432927811209725
0.1638008086045149
0.27058098624064286
0.20495641084606936
0.2327064721348537
0.10476171140718678
0.45239415216286527
0.22261752281873234
0.10375681397609995
0.33127607254143454
0.2663503976325153
0.2392452516071929
0.4594572617205357
0.10564868606918672
0.23062339507913593
0.35746452973999165
0.1719764510351164
0.3040439751497732
0.2613474462083377
0.145454763323187
0.48852580480432195
0.20151139695263667
0.39718341255438216
0.4798351490013485
0.392757990323768
0.3528757490595287
0.46944581777109373
0.2660294098969409
0.4682251409694892
0.10348191399122411
0.11102079749462623
0.42304952906506743
0.2506565858477146
0.3399215328146806
0.1609567344227575
0.1365518946004196
0.28918049204991797
0.20656268208415904
0.3640637003110184
0.1192608547904288
0.17771503583671222
0.21378955828589669
0.1855549599483741
0.34388552288276875
0.13927554671091835
0.31075665837852773
0.27936865253732235
0.1630303315452234
0.2199250736641425
0.44406440792335977
0.43503891954382423
0.135671855995626
0.2391790579883785
0.29063090205967923
0.20386599783061365
0.40697285334299194
0.27165556903190297
0.2926085677377349
0.47478089662224154
0.26586679709208294
0.2741072693781361
0.28817437466341944
0.4031334420608298
0.13181838655660538
0.28543103984476437
0.3112137450371112
0.4426847883967252
0.4087867157391264
0.15009422266244182
0.23606302174761407
0.1797730849419008
0.11680000741767103
0.12371423176582752
0.3925186023710492
0.23532735021923135
0.20453402436700518
0.388221459323686
0.21372678860354535
0.3765352772785232
0.23904566648265957
0.47052233648355546
0.1779363154217618
0.20101721181389404
0.42743147612987376
0.1777659614925133
0.23262823887470332
0.2420549830026412
0.24346868550046752
0.20091713613647993
0.2678336339565995
0.34220437955507954
0.11643271428155906
0.4408911906845453
0.1598333687711785
0.47928959647290215
0.1866059193759061
0.14002304941219168
0.4854922699805134
0.4247777042743438
0.19767808483484434
0.40099559787387495
0.22792283623549842
0.1252742404785351
0.38315891337240615
0.14541779819542555
0.40889549172336814
0.36782262023443224
0.3362641675838252
0.22965297382101452
0.21430800007470993
0.20084498066590495
0.26261891301885176
0.12448230627410083
0.18828045720787712
0.46038987602742054
0.20946684582034678
0.14513034265691763
0.115791610134783
0.44170235233937316
0.3099892751041703
0.19015430595615226
0.39897328935727205
0.25004924917992544
0.47685153218167453
0.1461929228018174
0.4183346698412068
0.24985352426583313
0.30040082261935225
0.2945825260860788
0.3848461947727667
0.26128563083749046
0.448832139925183
0.11881898466178607
0.3680496934415626
0.2726565640981836
0.14204830291286175
0.4620330144103417
0.20387428334831467
0.29521431847778945
0.2312629648838505
0.3528587614351886
0.3666496944274016
0.4280651306844284
0.1446783675832414
0.43605159307028907
0.40144132454839676
0.38784347705467126
0.4820830887513897
0.3781197508748536
0.2413431175955093
0.37082904216478474
0.23836676107475505
0.4040054015415213
0.4427357255615534
0.1907931362820147
0.4297978436874309
0.25684434381989824
0.21628424748142938
0.4596016693177871
0.34654935194559733
0.3389457710518462
0.4643620955316795
0.3501821468868528
0.4573557052430389
0.10546515066378107
0.49442842692743416
0.3059893031996848
0.3905141908379619
0.2912658934036252
0.327161595710467
0.47858606162170847
0.25746269099082675
0.2404559869236172
0.10879915408323751
0.20373516577958412
0.3783026666444578
0.48205526533592435
0.32122371701009567
0.3754770668356795
0.2464132249218677
0.28433925134566584
0.23614837084803142
0.23868003266618443
0.16384767393379374
0.3185172483854031
0.1857246438363161
0.46584403722868317
0.3554052723812863
0.3051151278760601
0.10103890681213215
0.34073038271824085
0.42730052259718854
0.47904077614360063
0.13571838594376234
0.19138001162378085
0.13609053793229808
0.3390522207078302
0.22804724013937028
0.12459382274846892
0.417398732001951
0.2138480024085023
0.13819632989777034
0.12979245671886105
0.3369533226132473
0.46404681642258894
0.4850754660531218
0.3609493951240399
