0.33732265049688587
0.2340368366929799
0.21154702514208676
0.1143887085582068
0.13609034418260763
0.4173308418089995
0.35941074306488263
0.4944726424802396
0.20628631319187252
0.35812039257131445
0.1859138306359467
0.4368141402075165
0.2701741722358326
0.17101117454050732
0.44026826745384484
0.275357292680217
0.44775147679513305
0.4669339698870786
0.1833496884106506
0.37634615700554186
0.44135462870184783
0.3594903861340414
0.2228342069764859
0.2669755295108972
0.4430061580929604
0.15396679563256244
0.49388431969057167
0.4780902886418493
0.42914003706116166
0.34063325801855315
0.3126710923601883
0.20916670313916197
0.3264882093556897
0.33558167434126096
0.12419044438075613
0.22733602626988342
0.22396344210520214
0.3824444763616307
0.2605152212076443
0.4713166074448052
0.10611689457881815
0.1593082448639435
0.4031143725536478
0.42063032304833914
0.15150215605668646
0.4330062942833883
0.46304653114749084
0.24105467711317094
0.4120845111450302
0.25879340613777574
0.17773713041691194
0.24578558113984564
0.10715054877247998
0.40946896564244417
0.19895653130645088
0.41749627049807947
0.35409500975579733
0.4783943071117637
0.3620344720213876
0.48828015664174484
0.2718727286114643
0.49360121434535464
0.2753056480086858
0.21274798634776523
0.31500282733484286
0.45447387189712696
0.11626148400707176
0.33065473920929095
0.4793168373718486
0.1939276852551921
0.319444057876778
0.19238726767400147
0.28467672364359725
0.2070251316408281
0.27536428480144415
0.23261384942069832
0.41914975715766023
0.4326624470788918
0.1208626494552378
0.138442356101252
0.39914967695306347
0.2825755346101258
0.43180680480980904
0.20809393049770364
0.22345322008203655
0.41731561167605824
0.3614707465526673
0.26673823290674237
0.29887957321856173
0.2921346310933946
0.45976874835062587
0.3760642868892604
0.4395704412272424
0.19076206812474386
0.4792106436124902
0.35246634242113584
0.41511211898965195
0.14193603795976287
0.18005020695353302
0.19636290394045097
0.4695612755505286
0.20003435938331915
0.3298528433277025
0.17204759206820475
0.2893075963034788
0.1826809211129694
0.3884782711185236
0.4889170214067108
0.28789822168061185
0.3488601752408744
0.43361719507319296
0.16587814371087328
0.3441471733935274
0.4168344231612303
0.1210075625388726
0.47338475212344067
0.46800326324354236
0.44451082552866417
0.15166986554491999
0.4288609337849594
0.2064522182848323
0.3277159510252067
0.4952447826857257
0.11467413533019527
0.2993133948390856
0.2123417587531614
0.4668523592044521
0.1180502710049764
0.46706583534978596
0.2719914233600096
0.25491404430902814
0.2826751420710404
0.3559903523866854
0.29973700674703674
0.22343084546381894
0.18988353921415368
0.38834721146147333
0.19562291514214133
0.2693688192162693
0.364566570338549
0.24291164035235868
0.4212763991906189
0.23205644311296558
0.26806645704777055
0.30028894113153315
0.23458243446790772
0.30495750948959366
0.1037455113425395
0.34849164097474505
0.2672814908281739
0.3487316657447219
0.1434257430147603
0.4992471790038674
0.20908880328965715
0.23900109185184176
0.26693552593133896
0.37290740667539324
0.38699183075663734
0.1694664081670624
0.3033489019712605
0.2266384825203458
0.131614619008869
0.3425325625400143
0.15890793998523473
0.2076343784173477
0.270563198888228
0.3635535932026863
0.22759633323334305
0.3593190166399264
0.4580033890624676
0.37078568109059684
0.21047507132088047
0.41461808308624737
0.14924929528809333
0.35455919270680036
0.22761681439380724
0.22463990092574104
0.4310526386812118
0.3113729242858604
0.49891303118942687
0.11612841837235664
0.2765443024238463
0.28926740662258676
0.20305916566880078
0.3045810618989818
0.47308755193953056
0.2753439743550441
0.4315672626307644
0.4640092951499155
0.2090109491453517
0.16266829213166384
0.4678284667774434
0.3757906676063899
0.19548986665470802
0.21964227214709842
0.23920227127743787
0.46832571014233915
0.1418808207548684
0.2088915720121777
0.4082520293252644
0.30417666767737706
0.24407759507515214
0.16172859376404958
0.12709842976955837
0.2672834752902912
0.24281956756620984
0.30111305133450295
0.44164667148006254
0.13003870656338995
0.46237930354706014
0.42194358837338
0.40895425989920886
0.23684366350340255
0.3868288669908534
0.4326829700934456
0.25068468389788445
0.47779166602883694
0.12209008964320406
0.4005309674399802
0.29313933298672407
0.22116001405607394
0.12854743218890574
0.39811517701727095
0.39345337972443717
0.10018109662279065
0.3858980647404374
0.13114868231115537
0.41685189225616726
0.4232094099921059
0.25367709897910706
0.27503551034677165
0.18146268326279974
0.1984172059718802
0.16913085576647716
0.2290387792988105
0.3298920322583537
0.3555634510706459
0.2082472385817273
0.12521441803619188
0.18748217600815698
0.13101973519409937
0.38057712106526653
0.39313399797478266
0.15757965607573987
0.1868056691002729
0.17477610275220118
0.3960009117254961
0.26699479116013647
0.30263965024009465
0.19900039953063253
0.11981005851361917
0.38195049669220216
0.4391667777664151
0.15800314584584343
0.3652389002589297
0.20205628298806155
0.33181000791021553
0.13369319486078624
0.42078135517889204
0.4169688646715044
0.21939479125533745
0.1563657087653304
0.3067469918465402
0.12938855395928595
0.21072683435879622
0.31199045051208707
0.49347693703378037
0.43718494365373595
0.4482746622159749
0.35264100987416536
0.35837839359731505
0.3731347774341426
0.22140159235890497
0.22409505100499044
0.13801866692386497
0.2892607620333001
0.42163211976181925
0.10126011688423847
0.24310685546993313
0.23753642597750968
0.25757263537503206
0.34312700884701663
0.3797331037778465
0.10395750325092773
0.22504327368073868
0.4914673625503091
0.31251807188623826
0.3676726486414218
0.11716111844168564
0.482945374553566
0.3755502011325599
0.2294265056270719
0.3425610236223493
0.2188790045752166
0.1499451526478806
0.27719594648297124
0.13774849245062934
0.1202043094124063
0.2726019580473909
0.4124750982412416
0.4198008526745628
0.12564567611504984
0.21413110797281243
0.2649572762470501
0.43499993429018713
0.10450685656065546
0.12378305981062501
0.3784719179042334
0.2672938099592857
0.48586976219608047
0.42658921800889626
0.40076253714621746
0.4872059596290059
0.4039139397567695
0.4565490600899553
0.41569313341113523
0.12952263856325424
0.11158608911532877
0.103237725104235
0.4336974131289105
0.2452246673533517
0.4830708083318387
0.18846812823165202
0.10043424344284735
0.472229416554812
0.46325776707679023
0.4400345938041341
0.10014884337520016
0.42551079985984186
0.33104716678668966
0.12481989313941698
0.38974905218674705
0.44595207555930794
0.23739045181772467
0.48073972502604934
0.20380062359804887
0.16423180660764994
0.34760442162446925
0.39678182749726576
0.4398784429341167
0.468052436088387
0.38783322789961927
0.2716215602737997
0.4630467420190324
0.4465368077877274
0.29552610463109497
0.25401734032365475
0.2977066485291797
0.48053450243809837
0.21139132585752218
0.21386375536569324
0.2325304346856254
0.2768468893982079
0.14263894470671998
0.23770929398846122
0.1405674048630292
0.29734474863049576
0.1361433737201745
0.3252242607586826
0.3264491319047616
0.2147686367064897
0.47676318907311144
0.32147691948895296
0.48129242406999795
0.4295562268178984
0.4124816368703298
0.18214730760289488
0.3436062531900541
0.4622626778570941
0.2800334217804257
0.2025912410001857
0.2534965217549795
0.1437204292025745
0.2537413551062691
0.3845308300220218
0.1603216940564404
0.2954574156885346
0.3730333064974344
0.1508037115911408
0.42790350899443885
0.22524451123916697
0.4486740742894668
0.19021991695919782
0.4871785078511539
0.3916143072178476
0.33598480224922633
0.47665337455224666
0.38647404006941843
0.1191589666934335
0.3762194472647792
0.34037784738136256
0.43598920672565344
0.4510158799613756
0.14125378704047217
0.28667175816103685
0.1606189420028278
0.23935158849247942
0.4736602739959811
0.3287003894274026
0.4830158356708688
0.42282780219802885
0.34984436858980306
0.4785646269360777
0.48550109650192397
0.48895982752985734
0.13651984892297891
0.29114110706659724
0.2163440272808892
0.10590998767466622
0.4783358372213763
0.1286245961736411
0.23745548182950138
0.24141760081509
0.4190222761025929
0.29547079480823835
0.46659218259446267
0.335602137091904
0.38039137442924453
0.26023877924982797
0.2990741051388348
0.17245551328743797
0.3846306829056556
0.2425488546807631
0.22702664362601166
0.2712083146422185
0.30315797816965273
0.1938659080158253
0.11204816379903178
0.24380756990592484
0.2669287005637638
0.16184348992041891
0.1813147065262271
0.3182396021017649
0.3870016545174396
0.13672274900422288
0.39254251904763415
0.29468008330156814
0.3633108578901988
0.2246545338358802
0.4654082091936811
0.26081422860999204
0.31186603830597526
0.44185414456135275
0.44397254005384534
0.2082609812777384
0.4007683708175668
0.47146718503385976
0.14624837615605948
0.46564461687935554
0.48009146488752197
0.3375763257179861
0.2963908413885904
0.16397939971342282
0.3168834153685367
0.425863771555437
0.3010234405796294
0.2855060256339821
0.240962897425011
0.10616393152699528
0.18839117451212448
0.33895060936890586
0.13995132685715786
0.4811275655439924
0.4142711038275645
0.3952457763224734
0.49306372772946727
0.11486207581413069
0.32736267864258506
0.40130555016076863
0.40641997591526546
0.1904047464140308
0.3521195352003518
0.40362191714712237
0.21463805218856594
0.47242270308310663
0.24863842101557243
0.30998379685957583
0.2297361163706757
0.4560451997267878
0.3142989003418375
0.18903381153089516
0.3170770550197821
0.12113314466653408
0.43036948507363904
0.4906797378000799
0.13451967363107442
0.3197727779965016
0.14262291061294685
0.34417909058007456
0.4921655571527712
0.19197557348654748
0.20181771666422765
0.33115417696361427
0.48453093075536624
0.34084463969428797
0.3613949679690728
0.19835932795909417
0.25716770714168935
0.31340113249810586
0.21531488963069925
0.2438415044874851
0.21420087086965617
0.2732842987303037
0.14363419035449093
0.11390374463052516
0.1646105556290695
0.29622937618129375
0.13842387576702975
0.25297003746261626
0.38826944346444203
0.22731301767362436
0.22078185926142246
0.214861071919475
0.1342297023945105
0.23471787487260679
