2839.38935670217
1823.930512382695
2757.191641360733
1029.3315973141794
846.829956685614
2529.3461722658503
2975.583032150701
651.839546431618
1594.2686274189605
1517.3506257862546
2330.213740821503
1285.3160838198291
1549.6960435927415
2580.736289116923
2537.79390559893
1657.3497337048038
1445.6539985592347
655.6461550414413
2507.614584540731
1415.716345491091
1992.9743212706617
2755.199448667814
2550.600616970589
2032.337048747805
1160.2794134716266
2937.0217692872097
1436.348703239071
2260.125375572519
1168.1973808760022
2591.3652386146787
1814.8788639117238
2011.5013285070095
1581.565452682459
780.7124272489725
2098.639741554108
1729.1001620606785
1922.0563929795305
2964.2409359475287
2674.6523532414585
1615.2232983131967
2405.6266123734304
1563.6055442356533
2088.1212877498633
1249.05663466219
1846.4650788678282
2668.6958651337136
1588.5336514269247
1432.7915225160073
1166.0357931673955
1768.7579404066119
995.6159060174805
2318.9526828402095
2546.6627558117343
1328.688603318054
1455.9503351358612
1954.8701630978314
1489.1752475043727
792.1967825741831
1287.275861000032
1824.0130798518144
635.4506950158036
2471.740376727821
2335.9498315903406
1865.4170070520436
1670.3825971700435
2121.228765519934
1051.2444764036056
2639.811214616625
2577.7633311750446
1265.628852250842
1898.005264448538
1106.698580441966
2619.002682775994
2835.1857588754906
1957.7093847093051
606.5339818098521
2245.270131233513
711.3805011912409
1804.3462602920663
603.2067617277166
1278.5191883725474
2458.415022738581
753.4429279754247
2646.2443263493574
1095.04209410243
2543.957764359263
2649.8475611606664
1697.4164144393774
936.2218353855668
1412.3835695250043
2855.7812295910467
2515.871720351479
2044.3314768478863
1428.8014703180338
1204.1774464152434
2934.4255899611585
1743.7056797535536
662.7655005642229
2606.9564436605538
1063.5721076752952
2953.845901916158
584.3972054420772
1157.9921224668697
1643.2481229702812
727.0586296905352
1533.7836040152072
2081.8512835840957
1706.1585640060755
1112.4375334820872
2528.7937964453513
661.6274253996758
1355.8973995212089
2084.673888907124
1566.6401902390348
2945.274434084418
623.9530448054344
1202.184716036899
1729.8228242224532
2447.0136520355
2432.156088396557
2134.115842699445
1218.5691999480591
2680.180184372002
1092.2194447226486
2476.0786524574614
2401.8221681607356
2825.2363258842174
1339.4369574660557
1298.4740807275152
882.7301958523383
2012.6930586618898
2977.1791595345803
2195.1135020602096
1598.2040553388026
618.5121910813391
2708.955532507935
2818.8298643663447
1948.1996437945725
1851.7513399296768
654.9317937976932
1650.373875936372
2849.866574219749
2664.7034870976777
758.5559034703444
2840.360125335137
1228.0450670822993
2491.772712522939
2201.5342754490457
1272.6667022723025
1338.9721929716316
1215.504540283638
1494.5249104315053
1557.3181766919245
1631.8877463676356
2283.7400567091636
1555.0644688627544
1962.1481943098283
2446.6205546056844
2851.8152247971216
1663.337625163152
1830.6854171179805
900.3676825248263
2775.8448040435906
2502.08680042476
2177.1129235072926
1223.076207623876
961.9492574554149
732.1945096303407
772.768720669218
2589.828125864756
569.9291655970477
2761.3430794702413
1369.4726158663857
2923.659406636335
2833.2986234536193
1543.6069820013172
1694.2326713929406
1406.5794233029342
1359.6028928228984
1673.3310120483272
1545.036808313029
1226.8419041035734
1867.930495533709
1269.7747533857869
1646.3160659902223
1595.6985075795724
834.5448292238917
1639.5915738701221
1299.9178824436885
1755.1286905173415
2137.095566107675
2607.175197035596
2709.5380449969325
1386.3963937963213
1568.634588242911
985.835653734463
1583.8123470373969
1662.2609107711571
2524.169227183431
1065.013207244672
1924.7111466530412
1978.1419989584988
2382.4765472033705
677.3311538882072
573.391542547916
1584.1653833203268
2305.7310294696035
1618.6647936987788
2491.9030696162617
2171.2944347875746
1810.390431303124
1295.801317687989
1186.5725964265787
2503.4233751219735
2286.4418620242627
2926.051548439237
2553.9307120711474
690.3880918439044
2907.461813415646
2838.8308570415534
2963.1996624100802
1855.4296153559555
1979.5919413997797
1935.3393780260712
2188.6124867301555
1601.2162231433101
1102.7014857034812
2222.313599829957
788.8618173941093
1469.892725847245
1335.6268795642563
1712.281271670248
1477.6450053808328
2943.245242914586
1015.7715470104243
567.5117269777006
1296.7862241304797
554.1626976355011
2849.171645860001
2105.8948504329755
2163.4120213386263
1928.9707255877413
2406.757376554161
1912.9902225181243
1831.355657621677
2287.907714893304
2087.5566487245596
2328.6173098224017
833.8952305178602
714.526467371435
560.4664858506337
2322.9656548340117
747.5264534677532
1966.6056713694065
2756.6045156155947
676.2817809515537
1911.425413833236
819.225085670301
1122.192735978114
1917.5961616087138
1785.0061765955284
1643.829406045885
1587.3910486980758
1560.035461030022
1493.2524007649415
674.1281133115077
1552.2057716372308
2921.8546383158996
503.1475136705386
966.7337779062641
1944.4735909102562
2336.609772344229
1597.610141990072
2117.420585306592
1807.861129328017
1531.9199761617135
1155.4501838721094
1649.608565172756
1785.1909765839055
2810.3249403378104
1655.0604462754663
2224.6241922671406
2886.9450708920476
1778.9693950888432
1748.2683938247349
1886.726501423833
2259.303783953198
2775.388843157228
2318.152598223167
2319.8896759871823
2975.3551285585118
781.7421739578274
2548.805524805875
1674.399043173921
2334.4069524373213
1819.0987767061415
575.479729515093
2430.9948986753434
2419.5756415133774
1709.6659399464372
2464.699326885321
1150.194784172394
2002.478397626741
2552.9921890010896
1403.9801929856185
1837.8161028913796
2537.0758659919256
1199.1611003999542
1851.8046899787237
1644.052801583934
1677.5450847331206
1148.4052436176744
1632.3423638475288
2975.6179561227245
1876.5249943717004
1834.8433625530251
893.1747787694062
1003.9616269937819
1708.1589014643564
513.6902783698764
1552.033386936828
1885.0986633143127
2119.094167842137
2712.4616901335357
1410.189076788411
2937.482421301179
808.5548106727113
2431.751944904494
762.7546244329478
625.0462592309259
1995.467026962811
2837.5166066961297
664.591941003642
1998.844265726811
2724.04898118038
1932.8279688681605
1485.6825350522272
1193.3174364263364
644.1007424198806
1906.7704587707067
1996.31881826537
901.9755631003244
1597.0167186168323
1557.6805024619794
2448.3905106994534
2851.629440589341
1317.8019891757167
899.7143611650533
2890.9487033390087
2498.795146947691
2978.125931806809
1621.3852487776683
2687.256813540315
2949.282332225701
1690.3449798183735
2401.75810400879
793.3724176622657
2848.214489803406
664.6008477444404
2009.1914333138584
1369.7236880319433
542.9549564437867
2370.085823706868
2255.2859056761135
2330.4287631547404
1256.4648026264772
2143.6109185004516
1441.4807062416994
2857.2318529218646
1301.941844726609
1312.2691828272068
2454.4864115281384
1673.3129769931252
1745.9489246564617
923.8812121486035
1607.6056125879186
1884.3555870505797
2558.3323873455165
2881.5995942634045
547.6298714155088
2000.5876176053061
1690.4571084908152
2430.4995182973753
1840.633371863311
702.3100611295056
1999.8775224135463
512.0534389467347
668.7934390628429
770.6610014389394
1466.553116239762
2592.0929020025574
2110.8145592047185
1091.4651974224662
2583.838373711508
1864.6098059304306
557.6256208369033
1527.505398941313
1386.7276286862084
1526.7202195811299
2216.9426927444956
2277.6696128832173
2992.610122760474
1511.3732117696395
2678.3979333133516
2783.1516425603418
594.1466645649699
785.2853359598628
1330.7895334472435
2141.3018270582334
2690.6979646746126
1109.455134549248
1390.1270809803345
2858.849620016686
2876.7566379088294
2098.705983496595
1581.8063981942855
1805.811730035685
2029.3607337712397
2461.1700948993366
868.4853952632423
2038.4362359039499
1634.4728657449964
973.5525273425683
2256.429072904042
2694.3143971436093
1434.9148653258785
2700.497751544343
1358.7843607971822
1089.3667061758856
2001.502876776789
1799.1022359901094
2769.4032389377935
1648.291870064685
2812.5279507933064
2868.6232324973635
1137.422353257627
2858.583174926201
702.9600758227018
1254.2382793921015
569.2732261993159
2609.018731042259
1584.6815387763893
2273.8312297331368
546.9306323629668
2070.9184160250156
2774.872930491272
1330.2785431839498
662.6228931780906
1260.964891935311
2964.3604663463407
1738.4747821092408
1922.7344015163742
1585.1562377687799
1006.5442562469677
1470.342810594113
1324.0054042562801
796.3532492243687
2143.4488730640924
2799.2578965749717
2633.670200556755
2218.9262371347313
1358.5805486884506
580.7215500456035
1189.1765754911248
2251.231732245519
875.324864953217
1732.2048648774762
1322.6513722447253
549.8848766922122
2634.604500053384
2018.799363837218
2348.7304063138326
2215.6772899010853
2002.8813863213752
922.2308251604248
2284.9619000908324
2569.153217828399
711.9898807943973
2890.7732665683125
2413.1088369662493
1160.5673930177904
2332.1985171243637
561.3378219373014
2356.8384386828
2455.9571920264652
2638.0090958910205
2969.885494924022
670.5851167926584
1423.5645177020479
2211.4496667563326
1524.762951135381
2204.61243048945
2502.0436599873365
1951.5702547143044
1814.9551225470664
1577.1287798519345
2589.949108830846
740.6641129862078
1324.4785822939205
2709.6247916734687
2864.905920262769
566.6127186909548
2498.851519424937
2973.920202174534
1051.2695366927026
2671.025297412973
2579.13101633251
826.8860615500221
990.4338830968172
724.9185707629639
1502.0115029734943
1519.332141595503
2580.2311678005713
1147.0768090771955
1748.5469225250795
