263.4387240049227
126.30448423733827
151.55357278185238
74.55975553187767
141.19150377520867
266.83691029344476
137.88438460604692
253.803404371978
124.15169901312058
243.55716442614468
117.50014183935885
137.2304456073004
212.5448831260937
203.00802616939535
148.40707447448716
65.61610474328113
109.56254942555591
210.77285288189864
137.80759501048752
106.41695478312272
123.72078926878325
142.47039197535904
261.35649262788456
104.77061560116215
137.1991482093397
170.742681473362
77.9867933870419
178.81718311254366
149.69435875440053
160.0050949597175
203.80627231147562
205.3055166967476
141.34654044830867
234.82293491534722
272.3185836362669
70.05537978643854
281.11868579369343
243.85069526050654
55.49916099936018
193.92787500835
133.5827674480858
266.62482213629346
272.36665680235785
160.91933142029205
176.3496914074721
235.15029295208
195.60535277383585
53.705083582767585
235.74049811793708
279.47924529173315
278.05871472286776
118.55267241598698
96.89426714381173
128.8586548822778
166.9875037624655
273.3741432507241
147.3807395992315
270.70439875598754
65.55460347154039
74.38522076196206
198.0589499800403
255.47510643321954
141.5773788927645
177.40428080182272
179.11615157209138
70.77960351443792
240.55597336990098
60.60818761420265
153.61329259968545
289.98938653565926
193.88925511657703
135.07651951708033
244.33199650519344
195.30957915640843
213.2972038012055
165.76141538192508
73.06581905027335
216.87957404250352
60.884253491848625
253.07457283002913
164.43737016723887
129.33542584185147
134.8292438092969
238.95639702688658
149.93269295350905
154.6233420003953
146.07562775688973
65.17692540217186
232.19976673486877
138.39041188932944
61.53004356804391
92.48436493521419
252.34601589461954
163.619165772237
177.8402973014896
282.5876243182131
246.48139082453687
282.74901601506735
98.41306905336215
119.07645852699609
288.3457042484725
189.62132647217598
198.90330075865526
279.65773060147285
200.38726432375904
259.91929992211703
108.89094744439707
89.77948327657447
56.83156513119518
55.97892724110818
118.18366237387477
299.86500309691246
233.2451480519051
270.1767267058626
176.68427381212263
92.34997848734184
172.0861362020563
102.18773183992734
106.95139213141553
136.74147549823806
139.72095941057478
174.19815794438568
80.80463187771679
119.68584910427936
145.767017643771
77.7463635066722
158.49005752959636
220.36430609332555
100.5686329813577
123.67444794946846
73.69764879818639
60.26652420393298
276.19246461047794
101.31806702049678
181.94562429984947
73.30583346872375
197.10391770738786
117.34288359879204
135.239312799274
111.56098399453577
190.80515059166365
127.2158657669146
171.78746874977168
143.82548866700296
186.5910772029894
69.56467701711715
161.94770056049634
69.82743375575987
204.6708980528783
82.8570202191796
291.3321523309783
267.414203714093
83.25862039489522
127.86424895443302
118.82406079627734
181.67951750939136
63.82035476327734
78.04627416198782
197.3476430463605
260.3723085269214
162.92087711169972
102.6204075607408
87.20804188503462
161.85166499147755
289.68256128476287
261.3092870633621
161.518332988415
289.83252836184397
106.22566175016344
186.66966719008565
123.68492836955579
80.5700329815557
248.57459685858305
91.6651239026436
165.00242637507174
149.75610828373783
110.69425953036941
111.31081553760455
96.04203748854817
239.53100031701914
173.02473294200865
240.79818505973222
137.61465686656737
53.845058514066245
90.2231075894999
225.6778720776008
205.60960892404032
152.78476610485743
92.0413768244884
260.97590044221715
53.27227593581472
152.92940332574545
99.87338273331761
118.66986236787506
108.79472423244039
213.25095686927304
154.69117324877763
142.31446842971468
131.14406035626996
57.5918440181601
110.02001278533183
134.17910754747567
289.36018768364863
124.88250070236244
213.918452897287
100.71604329978824
176.06838771416142
294.88143485805557
227.753657938149
270.99188854146314
80.98896185339447
229.6721741713271
113.83684917020754
102.22254497938414
133.5319197087103
286.67268829650715
168.42684845818678
265.7323188050133
71.27347414555089
273.7617081784415
177.6236815746351
276.9848885183799
124.49586938871539
63.17218134986911
224.79015486407948
60.08758164454071
78.27039339418752
188.81068453910572
116.23765150358658
89.43322849952102
273.7248842033056
229.35595440296066
189.44588903363493
130.62401828510679
146.99353243004205
202.6296812394107
272.0363033732963
186.51538433629426
95.30216912722906
262.02483587126164
131.0293148132733
145.2369700591898
74.97479759769833
71.9210345322507
236.78523221223384
192.82299676650763
118.20147648229272
290.8291303498944
173.20308099230755
53.2171534682236
98.39177946536047
199.03903302438488
295.58008477088276
263.803864769165
77.165657565928
279.47244802051773
294.9666940820317
59.97759582310853
232.07569357478715
94.54380739888921
62.12016840016541
105.04777596280402
106.14209033343786
119.93472190678268
211.00104235717856
146.38778814948455
110.09974592618835
221.62231221516484
61.59249785654332
278.69724440859335
163.27326699326875
97.2163316341273
163.02247447660807
78.22418640947771
175.40195767789308
294.09251538932836
139.59885737950066
215.47575671153282
296.42844741320266
162.56715270049952
174.7461160275568
152.9202595112219
216.40311600545013
171.44187112181436
172.61592715237882
104.34750630481363
60.8454904500688
69.6875544795575
209.33945399590684
205.63250136626414
173.88377067856405
196.33626844797155
274.70346666434426
212.37320452782964
282.57936037765427
250.2955813251258
165.81930082768525
79.5437806040102
271.2852289897718
120.90761333828716
263.01385298284816
123.05651105702113
279.3388372527312
207.69898234671442
99.81962246487431
87.94111998693128
179.2855201823989
66.25616872325713
150.76119079137493
192.84627846654988
233.19139531185962
241.7434326223664
178.65215154426863
114.87020560118224
179.1035358191121
268.29836437948086
295.509898199547
206.37463259333137
193.0984341220577
235.92229472453528
244.47304314887876
175.63951290577074
98.95801312539294
260.04773120853747
52.497056737203714
109.18229083044533
241.16106143643233
228.94601141917417
141.67915999565545
238.41409438161247
129.19714420667708
109.5428467006105
268.90006328141646
137.81557194470594
147.61649742156
211.59263524162643
76.0269259268413
59.78521738979027
160.60255093596152
176.39069450989592
183.78435991700806
256.63690470569446
264.6517842101126
278.0182442913908
289.3465293270307
131.70596326175962
132.55300816342972
191.15167343186303
106.55565636329825
164.22711536246283
87.6208483480521
187.3001819862244
267.4180437883274
245.460106701891
223.4903806403638
265.49738685782575
256.873405528985
135.24776474159347
131.36415761416862
93.114674779612
222.71494671641403
255.58157473022564
109.8675606585145
221.2241427071238
278.57919946859965
263.83124888977477
180.25503599519735
230.7173900701748
277.8062099067928
270.79963315393144
177.12386628168832
124.72869614233008
76.4873474190849
130.12011641427773
237.85687028665123
105.46244065433856
140.40347790741146
284.3298495033598
226.78918815966225
225.85200580346617
245.64635475199015
96.6074146665755
112.64424371227773
260.97055139934594
230.2376612768428
65.17203368642411
110.18989646793466
129.5142574199409
113.85522935442222
256.8017317306424
209.19356907001148
276.2313018966442
146.36034618489703
183.64067671789132
263.11406903511386
185.4629221459957
283.3627691521255
144.26462606215816
51.755812009814676
120.33703779733492
288.09678651835327
146.02267567855768
232.03073386262125
228.3497578800836
153.12265130841755
77.53791241981837
244.23982692726278
100.21357532784693
101.69098418963873
139.92108085285722
76.76151303938973
93.81191597920912
68.20273274959672
251.408996560028
268.56482756828945
103.84591597534333
115.65362383521128
195.79870726838715
251.13509317415844
256.24525969706
190.04256114655936
87.22900465221727
290.9336758494221
102.18029343297297
213.569850309855
205.26580942458628
218.7153879393739
140.20029224359718
181.13686075005577
93.25634006055381
215.9940566328224
247.39494285195977
65.79546251881933
97.90834923625859
140.42761793839577
254.0631420609606
64.59237798613871
231.6812927313003
232.2234860118569
199.809014540254
195.98130465190224
120.78031252429193
72.15466311995019
52.32052075001782
66.61346390948961
273.9781289281199
235.84069747352558
131.65739890030457
104.81855133977074
64.60363587132063
255.00141005427335
167.86046089417474
282.66589686580346
81.46001153665415
202.39329033266836
214.95599913872152
260.170552195784
177.73626482592792
91.29422165491772
77.39798977589992
147.1723736118799
66.77187870989474
162.25528922636934
155.32242063099562
202.50970039082446
246.30161902320808
78.71527972947716
62.83345920541335
70.26670456344243
123.25367211073133
84.49807375586892
116.67614681861726
114.04143882824617
267.8130396795848
65.3470703044186
74.4842297080038
221.71398622940325
58.5072936665305
216.35750175373067
275.4803203967105
253.5480513213505
101.38097040815038
163.2110729203446
141.35678611506802
110.3736087107018
180.63036491421974
103.11161253485886
186.09895410693667
239.1980884360971
252.95470283103845
106.63242615433414
228.03937700588065
128.08793017464913
99.8589066106183
75.45461222075721
289.4211563168474
226.82419598019237
251.92937236487387
218.53671169883768
212.92222079329284
231.8134043182447
70.43711822059095
61.773860109935725
63.483389838267854
114.9599352828302
224.06573399471503
60.54939613533323
198.31475618630913
186.6948576577039
226.78030327807076
75.57277783062491
135.3937533676738
251.77754293707977
118.85172418935365
198.93315121859726
