195.01675681824315
68.15861064577336
73.86024805184603
148.7571945544483
86.73459402422296
98.39767057886618
272.08339886220085
156.12143434366754
103.7699054552078
128.88704679014262
137.6308846535022
132.87184578698506
259.97700392616616
145.76519683208727
268.1826580100893
165.49655742196202
240.8654264195871
152.91333048178274
88.7493482355502
150.22866688762988
209.00911356000717
91.69052643891436
131.20251158297833
152.69009783336617
122.09830444868942
294.3657084420573
192.60475912425494
204.30938588557945
157.66408312488846
91.14819976762638
239.00188532830646
241.44096162047865
66.50818430248071
76.73301888557694
136.06766422069813
223.24238714828553
273.18724321743673
118.00953349101887
247.159863655619
153.59313784318059
184.55491712508555
220.91799937610617
116.24686778775377
113.15285111010456
95.29902989310926
66.85136340679982
271.4425702055186
59.43180742105171
55.73999269392103
179.4874500919177
190.71997528181217
74.96257273243339
286.00510977992826
104.21960498680681
178.8944841244342
161.14058021898916
213.90725757121078
237.3322717818129
219.09449441465978
178.99295326702182
194.378297163481
160.21290548305024
216.0729866209077
278.78175197033454
128.60807498083344
266.25671619234987
168.67121345683432
134.5940884689254
235.77563951735766
265.95588738836733
225.66156583941003
192.82769874062564
216.22365704649886
259.54320972163157
96.66347366782672
197.10074293964897
163.87497188876267
225.7716956207053
152.5124365917477
299.0025015849246
97.02180765807643
154.59455605966014
194.16151506316513
150.99393782449184
227.40065222148158
247.61317749819227
222.6879135955527
159.57713979924463
83.16956786174703
187.66322123361675
251.32015940179485
266.47810130083985
107.51615900292964
230.9191364895879
224.252645926483
193.26282913437868
182.074424319602
222.56727744948995
192.58470133919337
257.785116817752
105.31117605512662
297.14307707928356
71.93537007168092
129.2060718674337
152.18221934078034
190.74344131097925
196.6151918074587
184.59675858628458
177.65967328366074
264.8298478051007
149.93848591950928
112.28971101961808
172.533713982757
192.26468735014797
284.8606966007595
155.66744430131513
168.87367883500104
67.27340122981389
198.506231405756
228.05379837635317
71.71596192551783
224.28009111965753
181.75874060967604
293.6201134968957
65.0730859596326
221.715733325386
155.25935786511926
296.1430782321547
141.5895121790141
58.23643068030108
241.2446849622644
276.0501913724183
296.3231239475432
69.03551393811179
190.9742235816013
81.31962150292944
95.02301783383945
73.82958021357936
220.93593597349738
243.46316280431267
158.00837673475945
291.6042995384878
224.6612575512824
133.04511366164522
132.98217725955357
193.6771027605758
124.23453420453949
124.71939132806679
273.3102234644714
297.37890656563627
141.55425097641432
178.39222654602804
184.08307811520976
214.78872466935638
196.78220899753035
226.60940737710442
185.42957902891166
95.06642961580883
125.21576522234155
109.76092977425354
200.88529981746504
53.12552654840537
253.44123256051606
130.70685600355765
197.29494014298814
191.50002538921873
90.76463201858519
199.37057581021662
195.7089210572041
208.735649807237
264.5722544207408
160.31598422706887
214.1663589539045
64.0611465145832
123.5179050647769
154.7610842218195
261.9909880669743
75.85524951978476
236.9487643592696
283.9167402955684
98.96896975866099
282.34349302570797
228.53627298771642
235.21882856446788
238.34087769503049
185.92307321500067
172.22814043454363
234.3577243401755
76.58535260241182
51.576736312789954
210.01475008553086
278.40113067362347
166.20153523878338
166.6547665644044
248.9572571850552
288.4593157968589
237.9620636067763
93.05229498366867
121.99913224852838
193.426545123213
296.3360671583513
55.608530104576985
175.57077110184002
159.44599331758582
99.62150836404095
85.92994941009297
245.49133899200285
256.2538498419502
118.90338164970589
112.13195541262237
191.20248715211093
244.90560366290023
296.15182612408887
231.99933445338448
131.0657924700301
133.83935149056842
252.58866014395466
232.78649881265179
277.45521389414614
80.995504084329
161.12100212232457
122.6209863655068
166.8672632191541
52.06544500379424
193.6217049319949
179.2838686669693
68.93050894138088
228.97997769902003
242.44417837960094
252.63228325731316
55.942805149534934
194.5389658107044
204.37384750614564
251.23870544386514
95.64657386015344
166.56944054512826
294.5197586978707
124.48227130408047
297.5402043939823
267.41583171891654
267.8506762832925
232.73378688543193
125.44287538088268
55.73013598067082
251.39728359869682
247.26568008574162
259.42896291510147
231.41742896577114
140.5624771094216
91.71799498285588
57.101239635544296
184.2864575445051
52.65975171079391
201.63708505799704
235.91249482519962
52.12428507636903
70.27415898174995
247.9318618551532
162.18174795640095
293.09320130866547
136.53834158881548
255.1612885650015
169.94555265627932
217.2490439255728
231.75083531700352
154.09054590145536
84.73824484593601
92.8134091881548
261.38300087477205
213.6577954905328
208.4822348645444
139.56298383550612
218.24676694212206
98.09045941447651
151.77321493501245
224.51803782991337
78.45602953645567
194.980959166704
262.9714310724063
169.29748701223912
137.564712933459
264.9563383428324
198.834105886253
249.06665561454082
63.889551102212096
197.03636869219827
245.1129272029874
277.42400000850137
109.46590364869195
252.9841476660351
228.865654262285
60.79693347638358
87.96755213799904
214.81893919979487
133.70464467945402
177.64578142775161
248.66742075867828
160.18862748060877
250.592496514435
206.57222193742433
242.3068639709585
186.47450176490045
110.9964018514618
274.44729924466805
65.98846654920771
276.3228647584198
279.2584161362562
241.91242266024415
201.1680543060724
50.90433934966172
120.4263817740699
222.54915992212622
219.1004387027321
103.86061454356195
240.11383477067142
204.2104053260737
126.5509030764801
163.67000859965594
260.08319489651217
105.88467655818313
241.67934739802774
220.48691582222884
247.0217790834237
184.68802409780295
109.90438101459554
241.99129873761427
162.4214839139583
250.5287769169793
51.427785155366955
139.73882618434504
229.39583326067583
135.4853506875375
213.53324687872868
89.63546605444371
147.4530693075347
238.4452444313517
230.57396927329737
249.35922508490245
205.62779044656506
86.54472769561026
244.2038071189959
299.7395821885174
83.33754257737093
285.1579085157023
244.77005138134317
97.93092607856619
185.19350168589165
92.06004503080021
241.49906819442708
107.75056376350227
180.89027038798443
258.13193347591283
62.23464912331204
124.08696321408107
64.81892800838497
157.92793186906215
71.49024621601669
76.4642922072495
95.21862984610192
133.9646335618736
76.42451654148151
140.5215578472877
144.7907650779305
143.28063189706
130.19917823179523
261.51983627038766
283.7415887772615
85.69068037280124
292.97236344934817
272.088561771081
207.2461924136605
143.3168500678189
90.51658278144257
255.86192921333617
119.71643111852319
77.82770595228529
120.0285628057893
219.96999183362107
66.65936777802435
54.618695825779476
270.0299924976016
109.74822631840348
288.71777546100543
63.31209908745318
253.72356881425435
198.4526303647885
246.4188820495992
86.50336863017122
214.22573177601492
197.39642337778432
273.7205693170897
245.5547980678024
183.1788910969298
109.51998428077069
137.0671151489472
101.40584654466699
161.24674334848916
68.59284885054142
90.25215907739768
204.05212687699037
198.41542866337596
224.92398475235157
194.35658279530458
154.88859312821458
173.38673352998336
51.06058292984296
191.3973673703377
213.6494266134323
76.01028937760321
108.45397734801705
236.6930207711759
293.93774018848944
163.40465127862666
71.76259259465613
238.23977076704722
280.9494248886325
70.4632279247005
228.02018392677346
68.6516999548321
278.7942451708936
154.04630936386533
175.15812271075401
102.26649132294511
119.11936614310912
213.9941561669991
184.77390363695227
214.76986902566185
298.7555947177114
129.40374717789058
245.19016481813807
147.08046078437934
103.79248619724441
271.86821835878186
204.5215574823588
174.3420556649897
75.72133422111503
298.82906960370724
263.3373659889485
224.0148077040694
152.331997064888
226.88300570661272
202.3137525940067
107.30052831022591
242.3285560411666
228.90185276218085
264.1949632637478
295.00426060719076
110.53117953802057
262.92376429352987
169.31862256946823
69.71881563527286
198.14028727146425
247.46848375693736
235.25980514710275
199.48806718953594
173.07235579260765
155.89793104924019
199.0975657318899
220.55005076081582
156.95717966178927
66.28538805341529
161.66806290864918
127.85009957590017
188.8866233869334
235.75440165220112
191.3723947922968
143.18784358180085
211.91420326159295
180.17124207430305
181.24085186238742
253.72967846510778
298.18879724179965
130.7777522581371
106.47290562567164
252.20378234145957
99.46479108101667
207.57216344674842
291.77709796404207
121.5655466186059
192.8523944215641
94.57449397567385
132.2287455275832
126.79949381207368
176.1849338399452
289.5589017428678
55.839086483271856
273.7298250968167
194.50507011772416
233.81271909554994
236.53864302283168
67.75813095800177
269.6042549510581
169.54401627129144
64.3689223311844
217.286029836687
125.34451407795498
130.82602514500957
77.92037288568555
227.05180863064598
157.37690221381283
137.101743835682
79.46201415246014
86.82265078538319
54.89916745098459
162.58349593095028
297.7700640265458
61.18946805249449
165.1943015470784
150.478035066495
245.55273555321372
268.906066279129
220.73035476723842
123.74878465519596
290.03362927025853
258.5916599715121
155.29184882362455
234.6843259818013
200.58497525069973
139.77371236200443
273.4368405259407
224.24248601901866
251.97449043549594
66.62608145370703
184.81064478846585
62.88044380948267
264.6295799373856
74.36960509464603
246.98435691889128
50.83897123548002
215.59261602315115
242.80103448142071
159.57063813289648
73.89098294379541
210.08179879546498
238.9448261215053
238.20801542810497
172.35778326174994
102.77018046119483
196.5689986316399
282.6511813087593
104.91223474125573
257.0791702692801
241.86705784657002
71.92529552992764
173.55748610260423
297.70730764251164
68.01249017479101
236.9633141873285
143.37416170329567
106.32870866302613
160.9505721249529
146.40791273422923
119.70679588518189
229.25075961820792
124.17742993346266
205.7842924277707
82.5077650150775
184.24051837089917
230.46257486537806
159.98492695257082
283.58535775375276
244.30005388029207
121.47985548753691
110.16456306841155
187.81729168012615
118.85338722895223
244.30109494227267
70.67973697546758
221.44375630497782
259.0095322082958
122.62570340000107
72.09742822354241
250.54778000201216
57.84330191562968
299.710346862592
148.09399321455982
197.20839700098068
92.34560519259247
85.52285435777142
253.64885735843447
100.16163663286696
217.16840142920378
57.96934734707555
153.55355922786947
228.65869310046708
133.64237086150226
283.1788934985389
67.45738109507624
178.89228301435966
126.24548261154715
247.5561779202604
118.40919274449614
159.76960006931083
240.58382999657113
212.63447656166116
114.55264312326997
293.83239660188565
272.88778688733896
189.2367971496833
85.3262809255353
170.85037685732965
93.39037284042374
275.70119872442206
186.42063029695032
252.2494202845232
151.52492193977753
223.5493759706814
126.62557310553203
99.23481268084029
169.02464547406368
161.13459691781577
90.88465236330461
192.84689038942963
169.13673702108008
153.87383019936752
232.31594771663114
266.40149977789906
105.05375100720423
128.93465514484168
194.89290532841255
146.0865706604805
189.80908457771565
229.0617783527524
92.64208829457525
142.13236916241974
293.55422385433917
73.2881007313375
143.07351025621927
127.43075776091828
56.62374984807854
273.2845348678426
90.83984318678105
196.28127092402474
85.71003658979677
228.69948458975952
221.5986383211159
172.8311327978289
140.76789161814327
236.41918009006233
268.5000410349292
206.60186406583745
84.90288384646567
227.25866400827877
192.57933529315392
166.88763317365806
270.7966615206353
55.31521529555115
235.55146112558452
254.32699640089814
292.25983903075087
117.65589441611908
283.46983898763915
85.468583339535
244.48394289002417
64.76118042085109
59.14022846536819
228.54959084638446
175.21140992626886
99.5931262779468
280.9317737744716
239.31692431416158
117.23641568205818
190.1327880545964
52.14100088787461
101.44073616527004
273.85243654834335
223.60309904254314
163.85808950649186
68.87894737609052
267.56651858704663
248.8209839054082
239.6652853208253
114.89171744258681
150.70364773490206
238.23566824918487
290.77972343691
178.5676471501538
296.7753971153627
97.51266563412551
120.6526714298002
242.14510776882892
203.03795211464166
289.99319956510726
63.98893892840283
210.67685019842733
238.54278881768866
273.0587476839344
105.83952737767189
230.1607780070735
121.47231618836808
203.85893379713363
234.72020852225947
242.68806509487274
171.6752751691074
213.55714069222617
282.8903422252871
59.764416375370956
281.18876335647985
87.9315739264033
96.43004608766604
145.48184813487944
167.15007181100478
259.4923277269396
251.3415568920326
63.50114067058084
194.73614314646022
86.62755761153491
140.29749820411405
187.57741770615917
80.75722733365453
169.48934208428398
282.29455295744106
202.81507933848383
108.52936791265307
268.5477749666415
208.62317513680838
90.32478349657842
192.5755547300673
184.01232559273637
112.8119333547194
113.41907560162252
173.1912401912741
85.90905736661634
150.25258197914115
183.3743450380362
113.97097120904083
291.81911860540947
192.08396274580412
228.95729257374637
175.32896421443775
173.52237007646386
295.05880029566094
55.9339730615619
289.19028593897986
137.17601728410415
176.8416082164395
147.05294964609772
220.13782514750923
297.6855871613086
78.71928045997934
288.0435504897141
278.41411460610755
69.815661486904
171.82213756557866
175.3066873156601
217.03820883532708
251.23044265288638
111.87430667891306
268.28478289192583
224.1962126468283
271.04874758208894
59.38483687813901
116.96551299036335
74.32550876579789
294.9662522378328
258.2979979711745
62.94792139310502
52.00710966397971
204.12740520403636
199.53983516337618
294.84626784582713
128.64167112387366
136.62661605567686
153.71729073080013
81.97736813601045
70.98146464986134
185.05043455918374
213.56675998358008
154.69077252643316
102.30417941274405
203.87763030967758
120.85633860664734
226.72398308557044
201.652123816345
172.87339564530905
287.75029656844737
184.84046182997847
141.22410729054587
271.58001256233393
264.64763868894806
124.37568076648121
90.15661264924883
181.01109180347748
90.7307948471552
55.06301947169335
174.692156507599
127.24474467398065
201.95113320581828
147.46895182952144
66.33778565585494
109.14906042538036
129.09328698283315
235.3477243553072
166.74267698959505
164.01021626512141
248.5872428294945
135.17107250387272
234.8635738008437
88.30066739879743
145.5198507695976
177.5877772801752
195.8923313730402
132.46262115045175
237.31826208686368
257.2709358300067
240.4644188315066
223.16646604036583
259.9739188711105
254.62246415487084
278.2687760476564
228.49227618396128
279.2096188743767
58.0943200461294
244.75394497761468
179.2131726250413
181.61754068622025
99.72390467391652
90.43937463227388
111.07999528928596
238.46108445475716
92.21390039050956
290.84501936425
235.52203349513798
201.38229643935455
201.41481889100194
161.05528090658555
216.03111984485793
155.62201783812463
244.6121518931763
216.2115038051635
128.3923326794659
68.61860075379413
212.77767295647234
192.3406043710203
158.06330762624455
53.38938478595743
93.2259732923255
165.88878574678756
284.99380759822543
130.02738708211712
192.92734451327163
241.28311080121776
248.1448372295904
169.18796515080635
259.72173942853453
70.67851514986738
112.40600794801864
124.78935326255099
142.0145040280862
79.44002176619367
180.00595680434077
140.91489884731382
257.3294489759404
250.45803223909166
288.73985612767217
64.5928869943051
165.5834623051935
87.95670882609608
95.5406496077205
82.77467571045966
55.338094193507835
126.80384745364408
223.56884923289545
59.22949441834997
157.75058054616602
233.50698950525737
257.0232730866445
195.70830918128436
74.45121674173673
138.27597562573584
52.74172041580709
285.8944955042173
60.311211627012234
131.15702948312708
86.26413637936562
127.20614547382121
179.24415576013718
248.52300321433378
65.69151952746081
209.74683653601895
63.997591102113844
122.48359004225408
168.81293771023596
259.0563280677478
146.00547962888857
143.85786853766774
267.3489472886089
163.52787839705343
283.9240227294669
170.3768169997715
119.63966804121691
140.18395003734884
88.646011814111
171.9262063743917
144.12882870011103
122.45347569650498
61.43337466941427
71.18752631746676
244.0464320530698
128.94062268898372
240.08308919038603
