2411.354157045149
2837.807765002924
868.9145717626982
2877.0537670115286
2441.0565261932925
850.2687088987977
1628.9009203026842
918.9667360607843
2974.913853969835
1283.6061908093702
735.6247589113408
1518.216951155203
894.4717609594236
664.1937340143404
2269.4942729354043
2473.5961135995426
860.8778298805743
986.3438977735657
1492.915808594352
2526.325778099119
2705.1905017020467
2028.22352963996
1064.171130378781
2305.436362011037
1509.7595963181968
2257.0462711347473
1912.2202794910977
2658.0327625192735
856.9882091408674
2206.8036201241875
1494.982057201268
1554.4567842912797
2343.3981190586624
2392.766995675917
2466.4634505890763
1912.2498266983346
618.9778866981255
2114.005930320691
1707.1886509496344
2489.403385750791
2832.7192198546377
2425.58931726685
2679.75803598352
2818.752326773567
2034.3900896935338
1743.279089215958
1653.1786121509192
1428.5132579408375
2114.006748112396
2409.7725296662484
2421.082695005449
1956.353603494087
1746.0875638210184
2371.4009399334273
648.9611030101928
2406.635566906022
1314.937105481502
2240.118498709225
1273.7740218999647
732.0777408266458
1227.2313727795736
2732.180508166172
2797.7058145643455
2053.6855574475385
2512.3616439218886
1061.5283172417353
1206.7317760078372
1123.9602551114
2489.188942108673
880.0054204546951
809.4450158812587
2705.8089230464734
1225.555854034694
2849.0817218272296
2961.2782804455405
1467.7148917334039
2692.9270075635386
1147.8031416803356
2423.1352884026837
2938.923540595576
1262.764687713497
1117.890323608622
1289.9083975074464
2383.388808924027
2694.8458204291233
1000.3610819165599
1081.9925557539227
1191.1863984745455
2374.6129365829447
1042.715838871486
2775.931653164973
1538.3037380807684
707.0289093662286
501.85559773879686
1503.2222467096617
1374.6710379950264
586.0020270076253
1086.0094098503232
2994.306794953035
599.696929262885
2424.0304696836474
794.4423191941534
927.6284339471181
1370.6173563438074
2505.139126885772
735.4837811157423
809.8227482369304
1308.1126979817172
1969.5793698775492
1077.722893111439
2186.905928698478
1804.0912960361945
1697.6735215048757
1531.858669413083
859.3383594640603
2042.9290861807337
2897.800049359261
1601.1914474074374
1247.2448652459823
1386.0353479643693
686.7986158181952
553.2227067954108
2388.940836755909
1205.2536032054454
1085.811433609372
992.3850879112185
1476.542873385449
1393.2049582951913
2841.532338405419
669.7492619924701
2956.6502280414134
1500.6516559765946
2996.3130920962994
2171.0415714609962
1277.0841112293433
1991.057298188273
2563.3730769007775
939.6486374786907
2413.9526387033006
797.1769845485628
582.7078289744398
2843.2207100667106
1566.449097612823
996.8112824843968
2496.5614850754623
812.054359898525
1623.3245490016936
1466.4036608872461
1586.9977453611884
1901.495607727628
2464.139973248127
2644.1349686952854
1425.5695846691153
2201.6565254696184
2051.5112372882586
2561.8565483169086
1584.80944971222
960.8569637427215
2929.9817718182417
1991.1368513747298
2698.1140388625954
956.0712479548165
2946.932831086571
560.6318537360112
2586.094792451056
702.987127316882
1992.1557958562646
2704.935885770828
1339.38750970913
2156.0428986805828
2488.992814201276
2423.1916639172478
558.9963800378559
2195.820313342206
2930.5986577920853
804.4751182450686
2000.714024508114
2819.690917040798
2993.4434968863625
1764.1644935677402
2692.8439719773237
2033.268708748412
1449.1700283892465
1835.8980091658486
1709.5240763002398
1831.4604521929907
2203.22986528816
2173.331962426466
2093.58787615658
1880.3187652916624
2617.4727485406197
986.7948153982481
2401.961474833347
1423.8397871248312
522.9842149132561
595.2374070237272
961.3207129511
1495.5878867739357
2372.3446041299694
1084.9666393402595
1639.6387345012768
2201.52335542393
2277.6681281908677
2445.289122613147
1007.6578775395693
2497.856065710239
2971.1585956691447
663.6352307619296
2437.522378633379
2385.619755020894
2202.0673261195884
1486.107818504088
1120.8836063991353
1568.9653871942626
2302.4648890440894
1535.7214372748388
593.4635831523303
1599.4799308987413
2657.6327197663186
2054.5101811980303
2346.999382286117
647.7048428904532
1199.994070572271
1244.5656103062565
757.226925459224
2532.11845889979
2266.5105345237544
2135.8220440796163
2078.1962037162925
926.4132827948004
1242.4741502040556
977.9782064577468
2213.5359678669556
1171.8591978649151
2611.8092616527474
883.2624006381952
2506.48692654966
751.2852893287245
2225.576052884908
2148.6587739333836
795.5091003168966
2177.1742077907998
2662.4808327829123
1709.4937533112882
837.1589012767579
2177.6443603119474
518.5988053641717
2713.2092228294573
1420.600458280614
2842.7762772801093
1190.9886479687843
966.9284126109283
2114.3898799147682
888.417632272301
2250.4751168321236
2460.951446622723
842.2370442856495
1889.8009522086934
1401.803761173196
1814.7496943821386
1350.8795970571355
1827.5642730843524
815.7285877986283
1703.2029367373098
2988.911255036485
904.0794726139568
900.9867660412986
2890.9512284536468
2308.355864548059
1450.0014004250752
2326.948687917773
2188.4148736271013
822.5433119685389
2916.1598977368744
2207.3971446052365
1989.5170664285104
1603.5348437071232
950.3941804159106
2177.865063217987
2325.2424710410205
2259.797713913087
603.0562136884208
1690.4620245089268
2820.8098644980782
2891.2636447883156
817.4927770888555
878.2565381363031
2782.480860041236
1868.9593954581983
1388.3159452055536
618.9486219205937
2719.5843792992623
571.3923616545717
1133.4148549217484
2736.5000609564713
2513.149211595877
1604.1995918546631
2188.5173361271763
2732.142140828755
2180.4935162747333
978.5085769004015
1903.1219758495613
2067.831412297911
1190.5040146208948
856.2870524750547
2477.788950700446
1808.5048393138527
2149.70900754353
1626.2263170976062
1309.1188197044657
2972.819312484888
2155.221773693467
1818.3133298159457
881.2033783246404
2725.3843605358466
2412.1108592657756
1323.668177225135
2699.9955897958994
2327.825586868542
920.4253631210513
2008.7462898199233
1878.8377450114122
2311.4844887787276
1322.1151142553692
1988.1623544622794
2378.392443301952
913.7525410826684
1908.7630407155445
2505.609174421474
2126.0588167070537
1070.0611205781465
2927.0563709992707
2943.3201445663367
641.4196398578646
2146.649874532876
1591.412104098331
1421.0354242651351
1501.0840600280994
2405.871231076605
2754.523595116387
1831.5681364940917
1263.0448479211666
1255.1550653736913
2634.51710461668
2316.7033612850037
985.0391287524169
1164.8771149887798
854.5025724841855
2407.390711654856
2311.435289508363
785.5566663424078
2717.803196068962
983.5919455924206
2391.1053760063182
951.9386109074966
1126.2875383434616
2475.9526482180745
1531.2565768141703
2168.868507711265
2235.9534797388396
2175.196200918268
2932.6611563156725
2098.4324395591166
1682.533750001197
2844.5675593489827
1389.361511277449
812.4826019608897
1577.9816263663556
2892.6297975735097
1243.255464111326
2744.4570729644884
2261.5966038772194
1556.057048279782
548.386988768463
927.5470128450995
1773.1456683701656
2433.0089899478444
1527.914253350745
2276.9143689397188
1475.8682693433257
2547.7638549050544
2479.550195670824
2516.9612681778112
1390.6029030272139
629.389205469689
2246.42533789136
943.2728566389369
2502.995425717687
1132.8671635397563
1310.9282764016643
709.6123522268737
864.2195781444243
2669.5982071650997
2339.996973252746
1303.4326659350386
1166.706085715858
1671.0746922294127
951.2625613999367
1965.2086705191855
1551.6073336016987
1299.1456882430593
2193.656812024403
1749.859322107368
1042.216235683415
1913.601891598381
876.7648342005833
2987.9826482150056
2125.8567189501823
1359.3610877759022
1888.1611698940033
2259.2811146998265
2305.7024821190707
2603.951346819979
1736.350056823408
2017.700742087992
1877.2177075266723
2630.2389944761553
2818.4948809580296
1883.0150715381587
557.3532866339568
2894.837937400498
2906.902976333405
1043.5780027296537
1776.4874808491186
1870.4051394772366
2878.865136439425
2836.0765964744132
1123.901867349593
530.5233021007396
680.0625099957706
2117.88628265129
944.3548760622692
1313.3685562127307
1300.1315560015187
2168.677503915617
2824.013370317383
563.1834468615034
2950.006408483919
1696.4048777721332
772.3257258864262
2364.360148766024
2126.3369760749
2103.6424725921743
2316.435891145999
2647.970096340104
1722.737561611161
1771.1731689749217
2877.363219818538
916.414601372101
2724.086200563262
1452.2782634068112
803.6388369509763
2198.6225765644676
2329.4034456824247
2121.6486577221203
2644.9178718002145
1819.5528868133813
1367.6061617515848
741.3733824734579
1652.293198801134
1780.6976561146673
798.2387260288874
2066.39863140359
2086.937570861314
673.7335072356097
631.5965488994173
1668.9262453671167
2784.7073976752476
1262.871769376895
2653.782320268199
2544.589461300856
1193.2625464553448
867.6482216064347
521.4626672725243
2913.521125934193
2837.0169982496163
2537.8968018812393
1643.6425806103969
631.7105736302415
1851.8257045708476
2209.6108717192164
1220.3656111189644
822.8759879723552
2561.292953001389
2873.7659541815815
2071.570248226879
914.3927404167666
2464.638844518
1062.8497449623912
2090.0202513511867
2381.035594035554
1025.887119307036
2708.083925771038
2208.891655910146
1896.974665748607
619.8893840062257
1648.0418684212632
2542.1449542345617
1926.400351214596
859.0235518826215
2870.20982514566
2802.9985111945134
1348.600373499699
1084.1507388038053
1235.441208189177
771.133716983413
879.3477045186985
884.1108687887265
1195.599715229919
884.7487543229963
2515.4774600703395
1096.8731186534649
756.9579710970827
745.14301513191
972.8256171177372
834.1702198771468
1743.569994269761
1130.0861029727414
1692.1594263806605
1322.2021668504542
758.2329332049285
1407.6265392601867
1321.7115474799818
1078.8754555050634
1489.8255615284215
966.0932541609195
2629.3789966808754
1229.051360924961
2091.802600868392
2398.9385926081054
1575.202836948831
1509.34281155685
1759.1672335663009
520.7766976109311
2716.057166005886
514.8514603054695
2060.36524301841
2804.2843980686894
1489.6620647521786
809.6409313585624
2605.7767019705157
2506.7061350722456
1229.1520571543651
1190.2785074753479
1411.4262381993922
2575.0118649474207
847.4220879855666
1979.6955853757747
2711.0796666489346
2260.5825007828457
634.1965884370145
1059.9518081042424
1051.6499125630608
2879.5276224248937
1847.9815791332783
2283.905111210237
505.31907770161433
1375.2300814759014
1500.7140059061894
2065.08265334601
2609.089865039323
1850.6989630719136
2443.4462851390704
2950.29768752569
2369.4379766592238
701.7781253057726
2391.500043022365
1501.3408586012647
2447.5175758253963
1716.6721652422177
1113.5224872044178
2021.1708729032762
560.2015647779963
762.2755596613915
1354.3535395756958
523.3809486954692
1362.547691587393
2341.723168304271
2962.3877814968114
835.5080667235638
1887.915882778298
2505.872268532454
2285.754831894895
647.2960872892872
2088.1914011362223
2938.0368346768923
1628.7693082993383
1060.2370724941293
2019.5336216027665
2236.4468293167665
754.6710325260934
1432.1213251138477
1814.3630931340701
2318.76649887025
1581.187264761231
1147.6261368356022
1504.3351805759426
616.6992612183135
1636.2650183224737
1800.056535837399
619.7476458854163
744.8938584836352
1036.3999296777974
2140.6851539109434
2257.631378572211
1314.1777617897865
1130.9508752795768
686.1037136759041
1020.3113709554439
814.490158200095
2644.8593770148595
2047.5187410442973
1391.3337460344133
2589.6663337253717
1749.6171474361863
1725.6286535288596
1094.4189826678175
874.5370679857355
1824.0317473837626
555.1832349793269
839.5805993610338
2470.5851452568677
2984.1944957944966
556.8838534974303
1575.588472960985
1748.0939189228766
1488.428257574214
929.9739052596042
1561.7944085824793
1635.6765832827512
2016.2835138872063
1805.9673802518776
2262.572311431504
808.2068459785214
2500.0749309775447
1513.3093153281159
2886.4548827308936
1788.4749889820757
660.8898526691685
2383.2622829868305
2143.1276382600063
2064.16155541259
1111.4860375776034
1723.8452410131104
2016.6769271061764
745.230153955811
1731.875254255717
2791.59100166557
2666.263726300549
507.19246273402695
1753.8942476210977
1844.908271662257
1869.39197158088
2692.098129556038
2129.973926163016
2968.166605378421
2532.948769500671
1588.627750331335
2220.0240229753954
1875.8860810720416
1469.6508081089778
1403.6897823883492
1026.6915785110941
561.4326178609226
2688.784013542162
2699.3319757091463
2787.9341085458136
1973.3407615719652
587.8193625462164
1279.978975795084
2018.819013482931
1145.2742260201849
1077.352647457713
1126.0663204788361
2698.5923474635174
883.9102094613917
2504.791960836255
1590.2463416892278
2463.2516520147446
950.4843658488311
1950.5288441381233
985.0058643059351
1811.5045553565362
1027.8546771436766
859.5806771791671
2643.0774481221406
1992.5542221034325
808.0969171312878
1246.9473755281908
2732.4354477212937
1447.271285425938
1336.0921877835021
1849.6484046855328
2872.8535511704104
1891.904591182988
1254.1330461191196
918.9591977044657
2939.647607214731
1438.0913938541507
1860.6196473958992
1663.9972985822756
792.077887400779
2614.6798383476194
2347.7780180148106
611.7833658498996
858.7206360807027
1373.750726130068
2967.1051843644027
742.5856059426046
544.7116238796027
1738.734429185053
1399.8098177615552
1117.5033911516439
1387.0308902027023
1912.561894313789
2520.4718131989857
1522.913347530944
2152.860839053649
944.568216998002
1594.7431767395246
2663.138270447757
2395.6693078216185
558.364998396982
665.7318696797358
1830.3453561845965
2933.1732563190167
1194.971298573682
1011.7521777727346
2833.296202036158
1835.5255314943743
2676.579025834852
2330.070379570773
1690.8271038198272
1812.6560000317586
1420.977712622409
1761.2187288425462
1427.8885884986544
2684.2181805795217
2956.3283924577618
2237.788301188899
1957.191492980246
638.6040339762451
746.564597312971
1973.8202872545983
692.8406012180931
960.3967186266264
2224.7602879843644
923.9914384792173
1725.362923580327
731.9906627824037
564.5059355684054
531.0046302994357
2570.174414819418
1370.8186119394768
2444.511129192141
2245.1946259954966
1229.4490950430613
2530.5333606284603
1558.2310767856861
1657.1048920301605
1796.9948095276404
2125.4625709529555
1747.4216629255184
2786.6106128134415
665.8660607344534
1456.829041620178
2175.512849288132
968.2176075727482
1588.2632205311108
2742.2073516762143
2742.73819923259
699.5422432878088
2983.483183256494
1839.125504424176
2925.6241391119825
2954.663038817716
2423.939221141644
1263.9135579106032
788.3008461125241
2485.9493957392515
1228.1948653433924
1584.188126291321
2920.080425179779
1143.1503344614166
667.954555822124
1937.7922624472724
2044.7349188314352
1404.4282173070624
2245.0169857059186
1273.8890391835653
1184.5445860205848
2195.531701041365
1784.663894335557
2885.1759914987997
1183.729289114913
890.7508889223774
2026.0656795328039
752.4430609719918
724.2475062006974
1210.9155306353214
1193.2055680384167
1185.8595657498931
1613.049710397957
1551.1166634245324
1127.7764022897911
1245.9432032531388
1029.2800666681455
1742.7193911337633
856.0641747217446
2371.6895577827263
878.6149275929854
2129.1197985581293
1343.81671742942
1717.1829129047057
629.252851413408
988.0149572603812
2123.197619851738
2518.0993248498917
2054.274990412442
1396.001986732804
2853.73134156101
795.8137720669923
2465.7027877841992
1658.4806662083413
2176.0061459030476
1607.973886998339
2730.7946357316364
1569.1746934842083
842.1124823475868
2958.273601339095
996.8567762869047
2372.99685715367
2932.8874564631283
1968.0822761271709
2814.3864654179665
2927.3792274522543
541.141293699927
1713.7775305030275
1846.9906478962084
2849.727325028157
2764.697818811097
2889.720920878586
1497.5465187249142
507.1812718093747
708.874071251712
613.5263936169254
1475.277114464304
876.040232885824
1321.155438066644
2280.594057848344
616.2971376368411
1631.2780743820763
2666.4353494764537
2899.7358941853367
2770.008844814458
1297.5121352454578
526.6787258985102
2400.276299180241
2626.600404364122
2237.197356488715
547.446439115128
2619.177183356541
2664.2234937984713
2805.48146578698
1221.2949701974055
1032.3018662876702
892.3960716329414
1945.907882719481
2799.1392312850976
2847.9478021530867
2068.0667122260793
2217.9409218905125
1955.6126587601293
888.8069144559514
991.6152517861958
2806.0136976439603
2949.1340664485474
2872.056583800334
1246.1340736623933
2225.6496672431176
1051.458321725691
1831.3552557011647
2249.706325022825
1994.9286504917088
671.7878634715609
2821.456070356281
1665.0965024980178
1534.1006643349901
2453.237866966788
1903.331262759418
1946.423176529146
1254.8079213364995
2205.507507375055
2762.0484378048595
2562.3435651076393
2216.9235072921156
676.577583761792
2837.2099870584584
2127.232984025575
2106.6181529942073
1665.4335229808453
