0.48159298808190976
0.21442012320739787
0.39382280303112294
0.4541089367832898
0.23783753329169574
0.19282584176225515
0.3929063655107531
0.32411430858405993
0.21113955141267038
0.1250240765370367
0.29429268216924603
0.49595838795536606
0.32002970236347483
0.3027391083866299
0.23421536685847483
0.3729258253661528
0.22613102987239034
0.40348933661622144
0.4672651053353566
0.4106214491709168
0.13217540890487697
0.2715784245622126
0.46847056688957045
0.39207496826664967
0.3143407846606572
0.38618513926743003
0.4578763133122251
0.4280541237746601
0.13837690241932368
0.40533649778859504
0.17142533630494464
0.25830179599495906
0.2625696475431073
0.3161414769781069
0.28724847190760827
0.21565431231887935
0.2939598775660462
0.39175323498541526
0.4480561106491475
0.14947754724173623
0.14370603109359356
0.18802033875882662
0.19882096003662994
0.4170985657683476
0.2861513909543985
0.4168448788922968
0.22804459245518185
0.49570077858888173
0.3978397764818258
0.35424570031263314
0.29812692850277167
0.39026381992661763
0.2472048742896754
0.37000468753119
0.1601332143117476
0.1263751595700251
0.147381377721184
0.17517935592427586
0.28147953142898646
0.19405277937600418
0.3348020706321407
0.30925538728286706
0.433689351907382
0.3629768345747061
0.4268406371287682
0.24157301400857573
0.20896102790807222
0.36407356467526675
0.29214533284342203
0.18542260084766632
0.3247656332441722
0.2941089107237025
0.2791690616076379
0.15402812067603935
0.1905387969722029
0.44276595088133996
0.24632241282585354
0.16815876064182902
0.31821252931746674
0.2173204012228895
0.2791128853863516
0.15111364047863668
0.3769841013717984
0.1472699308180565
0.46919473739794937
0.342008863461133
0.14897901279342204
0.11973172555616346
0.24637843005176718
0.47330748533232814
0.4468665629249605
0.2807543473453984
0.2552295411068136
0.3100519945224688
0.1685642880340571
0.24069037527184944
0.2623398390883107
0.11261467576433724
0.4796954169844416
0.1636026083661895
0.13976006925190362
0.3241128341804692
0.26797092221863117
0.13647890572059365
0.11620111062063604
0.403059570559141
0.24963577992746855
0.25501525980879836
0.18615491398629455
0.1644590537581875
0.423405931154225
0.18397544200803867
0.3675827399185655
0.17525488902624878
0.49078595305610995
0.3879976163420781
0.41267063043599606
0.36436924576736995
0.17277411415383828
0.32638506682685076
0.38561398628007126
0.11097072258691201
0.4566206378778108
0.3099797041463309
0.3672773310476336
0.11038531538792706
0.18510824288623604
0.18263874336512909
0.10489743260156636
0.332255450882583
0.16899726512686442
0.4607770668899056
0.4578115031274619
0.44640320380596843
0.2650689445414772
0.1705986830587452
0.12192078075959203
0.38723766499600243
0.46799801473944624
0.4573502800461817
0.18553390651013732
0.19079415489801668
0.21595423172479153
0.2023752086756837
0.2890162020461673
0.3212029746731666
0.3964649397768144
0.18090097528941718
0.3995191746284992
0.26843973580335545
0.2969563833689871
0.3809094225948668
0.13374173806533746
0.37525430040784014
0.24196733631039985
0.21345210094590944
0.33808555290944864
0.10494735963160468
0.4032518530133462
0.38375448356518727
0.1049325905332526
0.13754334992822265
0.1579747528657095
0.11255103110127532
0.14380762815993742
0.21969740690228795
0.1391986963510093
0.365047036932184
0.10895132310215364
0.48036910085849105
0.3873336098536666
0.18511624574234453
0.29243629204885313
0.3246596791419066
0.24182813014947466
0.24387090220081933
0.12508461384221922
0.49268233000434625
0.2116630899690024
0.2060593358543847
0.25088529822749317
0.43323251952195274
0.38180660282868906
0.2655131080605973
0.39927432157099785
0.27796430422850366
0.20978322043051711
0.47117556755629997
0.22021886493517231
0.4650981143828091
0.38962275045853123
0.25770716266620136
0.35631474072658587
0.23757416263576647
0.43961431647879345
0.4276502728612952
0.22505936702453916
0.4081064947422126
0.48974686517164356
0.23003816194714563
0.10246632024096299
0.36413909892480056
0.1189427519042984
0.3480600930651452
0.41501258047038025
0.2781774024498487
0.42158622824647274
0.3015558648281498
0.4154664538894165
0.2300925414483017
0.4638239664618945
0.3976728518439855
0.27071107440478404
0.19264219459396387
0.234662526490621
0.4698328540687021
0.25809013431065986
0.4193098419312816
0.2701507566550012
0.3067621301051142
0.4584016068466005
0.39798770833554753
0.38688819328194757
0.22964452174096778
0.29405220047653335
0.4030709753342544
0.44111799620866066
0.19907707657351456
0.24820332773566484
0.4337997312940801
0.19610512333329308
0.4248255306024037
0.2926465751401166
0.46651376812968104
0.3032550858878369
0.11834646377032959
0.31362449877631593
0.2619864556195662
0.43436670230425367
0.34266083151658844
0.3796488052932566
0.49236086237347576
0.21428859304100698
0.25561184401437587
0.3258828910387721
0.16553781091412959
0.1445820549910939
0.2325611217369985
0.42382418492133656
0.3344419016935499
0.49500898790016246
0.12475216756878411
0.4510936901888777
0.19542391246597815
0.4772708757159675
0.12781903122435728
0.26811243340305047
0.17088729356932242
0.2945602959959784
0.39987734467181413
0.1270519231249447
0.26058816687294073
0.45503443770694463
0.41162174385709316
0.31196722504306496
0.24988936394369393
0.30542995274533236
0.10314246694868273
0.45228027675806715
0.48984827106788387
0.25660101927750883
0.2930023198341345
0.2916606624404974
0.16592937174244052
0.43460350273260284
0.32824809829690627
0.4798708111692175
0.4942189874832208
0.21541971156318918
0.14350231520441184
0.2548311014287644
0.14269252318686065
0.43786496524497065
0.3497462854371939
0.30977987689391595
0.32165068286406334
0.22322875480748694
0.40508718539714816
0.44044963708415164
0.46950625775539667
0.30763418146538546
0.10138034837202348
0.18557034920847273
0.22848747786505227
0.2902238898660306
0.4809213466786114
0.38745193398323907
0.32618668434801396
0.3112475933026756
0.31228193287465533
0.4109356824251402
0.1482742976723571
0.4876541854093196
0.3726791114396706
0.36849921757752313
0.19296178323038335
0.4947045325517542
0.2760598649149929
0.18861183257484587
0.2658417065673827
0.28445954726930034
0.4290666181592774
0.20206750885064173
0.43301342029006606
0.31311727116484844
0.38280376172003727
0.1269182642064108
0.32820899557165295
0.2409609184290079
0.2278807182825948
0.14555414608109496
0.217134319064913
0.34403584067758697
0.19836120692044396
0.13207378248427332
0.19261246509479643
0.40491404841979683
0.1129683538575867
0.2690285121310402
0.429737585448806
0.19944812793919595
0.35781718035683996
0.34982686716773914
0.3969224759392618
0.3421604617106778
0.4880539303055904
0.27728161987881844
0.35581231341286135
0.4237009627529469
0.2567819418107422
0.17559040670820433
0.40588736796336455
0.39081590202441996
0.3334705617774034
0.44906966579744456
0.26300122398123926
0.10018476058460482
0.249132544229174
0.2986153624780856
0.12318980459927475
0.3474367029851224
0.48633597324195343
0.2872714986525742
0.10298337038848514
0.15543378163628974
0.19682036409885875
0.4865423076963493
0.33051030969382045
0.47956793805626075
0.15244217076891342
0.16362904566816833
0.16329228405728857
0.48454177982758806
0.15455500736059113
0.23567858797997837
0.42278105847103153
0.221146154448151
0.3649051727574171
0.4007955182689027
0.18511777229197834
0.1710555944818815
0.475196989803473
0.14599253254827174
0.13761373235998464
0.23183831695208235
0.17965316746196366
0.22323259973814782
0.1238337142324169
0.19498285632991466
0.22039879677889185
0.24453977697595805
0.1324180515697352
0.46417285627058114
0.13658656853529796
0.17146098083695394
0.17637574710616924
0.4864076686919503
0.21370027911419107
0.11599334298630987
0.2529438558000144
0.43971541368415745
0.19284612848571056
0.1397504732922378
0.38682674324752375
0.19596636511471632
0.19301414534522854
0.14419841765125524
0.48766890452505707
0.268214594315815
0.36601715338341845
0.3645788056456575
0.21774327412233557
0.31611218467605556
0.20936661641821486
0.2857848308244709
0.27631244123842663
0.294998399470368
0.4271324778390687
0.2357549316064501
0.4690866282167594
0.2899691620831266
0.4744429258593623
0.3163672314695477
0.3862289386800185
0.3465434961041679
0.11046571207181369
0.4574137936097512
0.4929015582638482
0.1400790211543407
0.29136391324064015
0.372798086583187
0.3914196332060679
0.14279853435854026
0.3690797126728823
0.26286012022010735
0.3797912005443248
0.304736450251469
0.2021850769544857
0.48452927823283787
0.25199226274585407
0.31676157696271123
0.44108858472063406
0.4107210263468636
0.18321232366165785
0.3174433130152796
0.48579986566280253
0.4518147564391518
0.2534310212839074
0.48300543374315663
0.41143818391857645
0.3102292006569579
0.42708854742702196
0.3885107747381843
0.24808576028555437
0.15177474194382326
0.21736002670563204
0.2351239276099115
0.26791034414853515
0.2684034987630655
0.29414899872507805
0.46630117896796186
0.4675622013209787
0.35030699383351926
0.3216643252085982
0.330717171704817
0.19431350968801087
0.34438547486110294
0.42249943177754834
0.2702262858810798
0.49877735311614857
0.29847565380799834
0.3607121438043015
0.2234433135729486
0.27978554545157963
0.30091396913318996
0.48870122087890244
0.40070910093650436
0.21262393064200774
0.43047382018148683
0.4979519403144418
0.12815880369997212
0.19647668265426121
0.4563922802884468
0.335266177432198
0.16508127414847162
0.14918054183969598
0.46454576776817846
0.16997952451841752
0.30659697408249165
0.3498518394105925
0.221598198860974
0.2014570826913923
0.3029088427333107
0.20070119712231904
0.4352110726336563
0.28798713147145705
0.12409697961406506
0.302236503794325
0.4250641806418163
0.2345440159349387
0.3047557242007912
0.23668583749015693
0.3879109432716564
0.490475864274749
0.4962743544965389
0.13109969582893455
0.4141248891189452
0.44546627400564454
0.27182488712782327
0.3892153030398532
0.17390421029491523
0.46077705733575924
0.471118861889548
0.22806254552978034
0.3932836776405366
0.20523498091628262
0.1512593085009772
0.33975311821145576
0.1680639962604606
0.44393158881458905
0.25448754151810293
0.26677975313467506
0.17193182547842806
0.48239410314522757
0.23062824311285224
0.3420138719069102
0.36819145197730685
0.48318296234642233
0.18588475679886451
0.35302297956672857
0.4894138052533866
0.1904569369764334
0.461781298196691
0.170410331500711
0.46583443677990977
0.11709344893270833
0.2731477294920034
0.2045050355835492
0.19000759322509433
0.1137929839780242
0.3506343995147626
0.2454153042147883
0.20958192832506506
0.45531735796043016
0.20938726727421228
0.2332533960997154
0.24503950379234146
0.4068408311216022
0.3072084056586202
0.4826956659681022
0.2031249210985835
0.11043498252011258
0.4895590173407327
0.3874379448810411
0.10241533359925531
0.11545716172265759
0.4451617902686623
0.49537821720216035
0.2015843323391443
0.15419564979011838
0.40722775192525285
0.23624065424277743
0.10376332447314196
0.2716048394291186
0.4929379009298783
0.11222100914145333
0.2467443389854525
0.12382373259625257
0.18379666734608838
0.3962042850147426
0.20651101651430706
0.20135854396188302
0.42380370342094353
0.4322040788775636
0.3476958386801533
0.27066318693494107
0.13130029370776675
0.3738710347263391
0.2638814680150062
0.3646423574096256
0.3815065428545751
0.4076415924459481
0.37911101734233255
0.11554856185752622
0.26680318389768287
0.389166002475861
0.43409603971960786
0.4298734920941897
0.3748139310909462
0.31404924853999927
0.4388445589467037
0.22388085911222394
0.3006226422972784
0.3266486925751175
0.27733925898349604
0.18780324754341532
0.23330048364564995
0.4158099904160192
0.18965099468428426
0.2175312332558356
0.16317041789408387
0.40196958657908766
0.2480455504814441
0.47629404186998625
0.420582237659363
0.1699837493818709
0.1538852335414319
0.4051976753892228
0.19763677415459063
0.22402368869622952
0.25463044893031705
0.4088130340543362
0.473404388760448
0.1896715463383355
0.24689083311887783
0.32842503020502045
0.22936309782869369
0.267935035186607
0.1771119179649984
0.21860047815997907
0.26895543316065035
0.3956282003576278
0.42226088213358903
0.19640229495089256
0.3305853494662513
0.2936159782386999
0.26463243692581484
0.30074196500142547
0.43582934991513445
0.18850237857014737
0.36633898224272166
0.24993531972361166
0.48794212684322125
0.22883724670025304
0.20546257411006358
0.41616770069644604
0.33831202004478766
0.14277775239957582
0.10884449787825479
0.12082990119164766
0.17721827186583022
0.26998732047235674
0.10461563455125558
0.48228182877313985
0.11489638017237169
0.47015459699528694
0.10275244977187903
0.15308693482283783
0.47728529189761726
0.1335633932096778
0.3945769066238183
0.3636499323658441
0.12042211719079582
0.11383955193345635
0.2625917512920901
0.3488148317975553
0.3114031496387981
0.4602702195097098
0.40413788525139827
0.3535271602809479
0.48486963911258396
0.10641750655087341
0.4765644939596615
0.2607605183660294
0.42426375976681685
0.11822660636083215
0.19588412729374888
0.1614485339847292
0.11680105070084071
0.41416120095161857
0.300491621602882
0.46822562093153264
0.4552403948095377
0.19732563532634903
0.2781355725590057
0.26202159664619096
0.26440864047586676
0.24862364039681337
0.1733947953191926
0.42654557150665195
0.39913372496123223
0.17185841696875573
0.14534403046344635
0.3011048509086458
0.44714155909293407
0.4075359202916812
0.3534628145338805
0.47119896137575
0.36128852399485056
0.16170767992149765
0.3264675489705152
0.44062560291845276
0.3758680471183392
0.4830360396426715
0.2488932041520534
0.41977184555827773
0.4086704803520682
0.1347605037335281
0.3219122015720225
0.4661580678361553
0.38770408059243844
0.3263671262021809
0.3179237352202513
0.4658981887033361
0.22567514512647202
0.201255097538123
0.4452757700197151
0.3786279372878222
0.4627809688190204
0.47034840518364507
0.3811649158860704
0.46401543298682
0.2491938476940297
0.27927529866884493
0.45047384981371996
0.19568447260693655
0.1591017402138662
0.17539855631874543
0.29094901251312094
0.41900364054497197
0.19487410499402197
0.11327804361261196
0.19570184256246936
0.4633967488494827
0.4910721569522263
0.22546906799617814
0.18629183133245328
0.31066918449679015
0.4976374940760424
0.21578748641726922
0.47628341202643976
0.234319892678537
0.41068492174610827
0.1489851780550401
0.13038664422547563
0.44857779738673753
0.17411274963174467
0.17413009475926478
0.1796744668550448
0.14468049990273105
0.34497839533577845
0.2447709470928517
0.1844714647342428
0.48457290205445236
0.14747560071508078
0.17637101095457425
0.36683551201692177
0.30101464115881
0.27032487187335996
0.39527153764010525
0.19284406143945373
0.14063400234562168
0.3333023567793936
0.1609865555589791
0.25662551158222535
0.3071703416167788
0.46689872798209164
0.47263087175499097
0.20456064872429433
0.23427963388897172
0.2310951153836055
0.16789505122894127
0.17490336628384517
0.17642469792567572
0.3732628354706574
0.3180422815892576
0.17000882927299105
0.2540859237883748
0.14628425805343365
0.44625800419940953
0.22939341291199355
0.47753757570081723
0.4307065089969394
0.1780318680653061
0.4849055313414641
0.2659614481001427
0.27174726197982935
0.1016070484395526
0.43210434744264237
0.26816552092141666
0.4544510142056506
0.45271297144059786
0.3129967069960074
0.4397738744850028
0.16124835075788477
0.21047038269386245
0.36906100886192883
0.395551147577234
0.4476801278792176
0.2722308939700856
0.16181597179653484
0.249763919180346
0.24284870598732253
0.2775876207811332
0.14860298050102483
0.4616227651117901
0.33316601810642843
0.16632118686242675
0.14389058418313636
0.4891945265518073
0.39194236560586027
0.38277119734642684
0.1038036219138022
0.37588702679342556
0.25708978206287747
0.4652543926774505
0.3638918181528702
0.2917796683993823
0.16577124466842186
0.4868355830579155
0.3511809485894375
0.49548862230458524
0.3561622885063046
0.2613274582669399
0.43099109241916655
0.42562316158102054
0.4452088145872509
0.2955910530825
0.2468675042586475
0.3813914384483138
0.18822886223343196
0.23533432570801135
0.19924054582249276
0.25404382972274037
0.49880535449148966
0.4769553566951412
0.4147616271239173
0.41193563463940785
0.17074761096176494
0.4283619009965619
0.2014900731946669
0.4669437721454015
0.26648033570410923
0.316230138259606
0.4553519436851827
0.10432461499415938
0.42223699070170984
0.48362272535053097
0.39124072100530927
0.17118688246353597
0.49425557500139905
0.11496129388785753
0.36500702981872657
0.1406698442512564
0.3580417936332957
0.4289525550425537
0.15632255755005625
0.4964428310279485
0.29328665377671437
0.3037823461990561
0.3942897910184321
0.10929006112239295
0.3582156925523705
0.30073706426270264
0.38946352959545594
0.15181567510718566
0.2828656742298915
0.1335954129394569
0.3585819450992508
0.4078215394888488
0.4781024776316144
0.19992643803743526
0.36872791796299365
0.22251590794513373
0.21171452906264637
0.19656917664158874
0.49839068765590544
0.3488433886992668
0.22320355646926712
0.22105504822129576
0.39295130021013547
0.4408881351216559
0.4351160655894146
0.35748395071329775
0.47495018492173935
0.22217595871820062
0.17209626612747458
0.2031937329845031
0.4141272633592995
0.42397966081840865
0.33942554024327876
0.46054695537841805
0.4099034102000866
0.3654237774692235
0.35187820698124284
0.49721473453114107
0.11472603529344148
0.18093502487448632
0.2668150847394344
0.11171476177214582
0.10312272904921138
0.11150899963426252
0.2844865973652358
0.33136133524554784
0.40660552575220354
0.3369595421347148
0.4143246013092161
0.13732140497257925
0.42466122194139766
0.1085233792079336
0.24056534446455546
0.48643485942018827
0.36368838825994787
0.18784030431332607
0.4487369111770191
0.49026712150456164
0.4091650565709041
0.383745420159318
0.23862926658582737
0.3723568408722483
0.1592966689722271
