68.07534265742007
207.0885863849684
163.1850681347826
62.8857065987974
129.55355673082482
174.60569984726965
87.56919843276742
71.97811911479234
229.62443815809178
202.98526401002405
95.06645023234121
138.4255515358325
82.70233892506906
165.83576063825623
123.49625317667736
88.12191849769852
176.5701634771141
204.10869686101864
292.9959177129049
272.5967722770862
211.475613419658
214.275486116026
170.0706231721922
226.10973126349626
57.061425174394955
286.71116086805233
82.48928125706936
259.9379502039618
124.31155353672258
63.4408755874027
219.94590059926355
220.77781252039142
201.46621856612592
88.07097259261388
100.20384522897564
209.01754515348682
97.19372676783945
211.37282066310652
162.12884410484656
128.9308134667813
282.643154811136
91.54219179487309
240.41528458219386
87.65086407863969
249.05275374948562
266.9335931107147
134.5223520212845
210.26810636871565
85.69454724988418
203.79731778248782
73.91559917903965
106.54046933164733
240.04949761132576
81.46790369884026
239.23523162296812
200.563449612001
230.71698591948225
159.0568893897037
104.10342373596735
171.74408104356178
230.58557399682948
86.58718695031718
230.48101454423522
269.38631746365326
152.93406491951458
72.01056302660106
139.27035883859963
207.6960738230237
142.73351669547256
68.77549327347919
61.64487719597535
109.28127188865706
86.37404839508856
252.28752200866737
247.4441594683949
287.56999918453596
236.97830949698056
50.38767785154597
170.97550342056354
166.95529850967796
132.12582530324795
296.6637998378095
64.27843504833595
52.28653988352409
266.22175319052695
142.7376902724826
142.74191663917196
110.97421366565791
52.5613336204679
82.20155562937374
65.6351457882905
296.66762052837674
102.61500100486188
263.54598474230045
138.2440790662293
247.45944861185623
113.37553489936118
137.4337551776295
166.24576818952113
193.37606002797727
178.5152270736406
134.9862936403898
130.30973568324268
221.58080811921116
176.40294476822186
247.15965913554192
106.92793605355618
80.65855798545093
286.93460018528333
139.47808587837724
216.53974548651763
213.6223707936745
206.81091327245724
256.97617514885223
178.18071967514635
142.2257949480449
142.63105777150656
70.5384649034637
84.48339290942326
188.39704034980468
183.8654020423844
127.06001189629575
134.18598888451618
114.59246375963623
206.436842464266
225.43808111134226
242.09724649378236
259.931447993329
171.18363512491854
262.50368732468405
163.0850215722894
62.64303342054202
189.05058461862944
192.09346505949028
184.40552569467735
130.0878023595835
294.78254868470685
104.69081169017723
239.3481567007299
267.75819001560615
139.18700580495727
100.42332376203646
191.7817253972629
166.88469438444162
278.3846278029838
247.70653417254175
141.10553964005265
70.44696621326958
284.15873331570765
96.2688863948136
176.87953600061314
84.53403420968436
287.22947324931954
115.0526111192733
271.47442319183756
138.97480683966234
131.29729028015265
143.00600242667304
293.6762571999164
193.89434317504302
217.8143747561985
217.8023288651474
54.73750023426139
111.9560143681098
145.1360785373908
132.8226240993148
62.824211041798534
55.58193285278452
198.38144315381567
279.30251584894654
262.46299213103333
273.0270140314492
196.48274621132413
242.77047457951625
163.0505643519842
56.146402325115815
69.46264333313263
295.10777258449195
60.05313556264631
184.1662754698002
253.8401556513488
149.59378070502896
113.8474761534317
86.3364219615453
246.10081400603082
123.7508945557945
186.31817045864437
57.49031568380509
125.2912580646817
279.444609705856
155.9621112492281
135.93493412077424
64.46482803706994
122.91616636569323
267.66254279977363
258.8862604892256
190.36419111397313
253.91292456005544
86.52000465495509
159.94820122876425
101.17857964539796
269.1993739138479
180.5972215233373
247.90506750723506
230.5354559948409
240.05584865364324
148.2290817896884
177.61091116606465
99.08138674344275
115.92997805222794
184.05254052141802
273.83449378270416
90.0184180550393
74.39689538432147
251.11673311513363
152.09563946168356
153.4789934865151
299.22411194570265
273.9203903321941
98.5053812502884
57.855563926511486
159.07528039762352
116.94261281288458
275.0946586728385
87.82675832492566
241.38870538664614
197.47989452354656
202.7862310178209
295.4025135381256
