1344.6053868138333
1517.4369025121382
1402.039822324945
2359.5270846847734
2862.4130885014556
2967.644918103025
2537.0324561993793
1742.6925420566533
2803.946182231802
1914.2856997919334
2037.490520980958
1293.2008068197429
944.0877984511027
866.2544948345295
830.8380368560593
617.4857442350699
1401.786510290664
2705.4711053257993
1608.885491053347
2378.2081089723943
1308.3639207025215
2528.8159727098164
1453.1297640752143
2776.2787298279623
1729.5268069127508
1755.1878899318406
2751.5726014535207
2763.2203093792587
2557.4703875054274
2435.7894396805787
2595.7536083510754
950.3947333641836
629.2891069489297
1586.7389728812161
757.492976415944
2068.3549895555952
1505.3614495239253
602.8807343814652
1581.3404020895
1239.896290996617
2881.8337822055296
1064.9568097377232
2942.2552121966255
2550.6425960657
1066.9296135993934
662.8169169420052
2101.818214087304
625.2204173737342
685.7837213571339
2579.6829255104076
1643.153732095463
683.3678475430293
1342.8186008301368
2235.81790728122
1703.55832165946
1624.3302203997944
2654.3191469538465
2606.650574707805
2955.7031434511982
640.6067935692435
1187.5007075668643
2405.1149385197846
1081.6300643107597
2244.0504361866197
2839.4396443327105
801.6743466359753
2796.642048418051
575.8443323173067
982.043591652686
2944.519436416607
682.6336945073662
2213.6399716133005
2307.5392109972345
1902.3907833639132
1148.1169498435079
1235.8080647734446
1417.5378317608443
1492.9275810379554
2683.530016097944
796.7506249809812
1926.6948217323552
2459.5639301152933
649.7329984705639
2452.420517128855
1891.1278222341473
795.9411209812357
850.1673010896641
1793.6794238199498
2495.5363028421116
1360.1887827624105
2153.9591202247975
713.8068653887293
1924.5888347533505
1291.304631941126
1081.6453270858183
2083.3504411193744
986.0967358134887
1606.8422594177523
2514.671092588511
695.3121499639732
2478.878481099693
2982.011041765292
740.2485196562204
2432.5004908825053
2949.7173758905533
614.860048587824
1027.871448173085
1989.6689033925777
1524.598164796845
2490.552268186135
1953.6217485848138
2950.871130614403
1319.6066539705996
1724.4313485682665
746.2739687129762
2968.0319779860165
1689.7244543755148
961.8067404304668
677.8464749364897
1763.5755774441486
630.1956923847445
595.9503809436238
1941.0889078195914
606.3319948655794
2514.234809616195
1052.5186725712933
2887.122479676875
2974.12713709766
2440.413054603442
1957.1035245239814
2918.3543850752144
2613.112754223515
1212.9090643312386
2660.4370193411537
611.3167226474077
2159.657676932399
2428.6419906618403
2451.720901894784
1949.5899416624084
1030.0618975641855
1056.541160297452
1594.079337852612
2902.234353833983
759.2941027320334
2034.2921254784178
2888.052508565013
1609.0207976766883
1820.593702913334
1926.4611253774412
577.8789756806425
2432.755497007677
1539.5950960772414
908.0549719208971
2598.9781554956985
1489.2383008404781
1718.3711418080131
2809.430508725809
1078.149628519664
2216.486040290415
2555.04996618445
2384.8499472154053
1722.5047914086897
2426.489097535965
1428.6825572155049
1143.594522630152
1721.8055365983719
2501.9734977257713
2024.126480036592
1237.3162049717591
895.3695113504
1549.8644348543717
835.7492213633942
1602.9779155402614
2854.3442357252525
1801.480153432628
1511.1054531404234
1214.0212381173928
1749.2600201686523
523.93062548328
1517.0152436475964
2207.2206524128824
2140.2534030714874
642.8424186291871
1376.3897192777342
1287.3229627168796
1917.7214483066323
2852.1625936850282
1092.1538400670895
1593.7755651860912
926.8912899565441
2781.691047752489
2897.0464109821037
1124.8527415801045
2461.6514842647694
2115.5237538866218
2254.111664353284
2297.357178823622
976.6495795976487
2732.0002328110104
2825.379011740722
2011.1562488104885
1704.131360726513
2271.3653680179596
595.9092368320053
1827.909301173968
799.0370996154622
2513.0288684439265
2662.454270798282
1513.9427958687031
2967.2746350364127
2206.8627893533157
2425.7693994734773
2549.785350179685
1004.464199305012
1032.7222030907205
1243.1089147959733
2146.3934332060794
1746.2698675769582
2080.031629884096
1151.790317431809
1057.7073835440356
596.2574253936563
1702.2243202813518
1130.7638159370879
1185.7999632688134
2937.9143910476782
2348.2618074195507
1876.4257515708866
1093.8171648040166
