0.26700480357091716
0.23509384606198372
0.3855687144439178
0.12076741480224698
0.39905328362693626
0.32958611990084674
0.13336484859614559
0.47140868911947986
0.31025449786066595
0.23486171730099997
0.4053042282998568
0.37557201670384266
0.14361628890661923
0.46765184878627764
0.1096258234679311
0.43766329675707427
0.3926441078561955
0.23755059004246087
0.17392409621510996
0.22664576744346132
0.1503923075770035
0.1849879041423768
0.4128999372077319
0.1361725354638908
0.36925650654951614
0.22214217789693458
0.4625365313163664
0.2056446694341928
0.4704012235909346
0.19876998258931283
0.16102657379463087
0.23014955768197184
0.1319185705995984
0.20557120852288402
0.11578805263653563
0.4890724732850146
0.39518582132471536
0.19043359634601376
0.10347588488070221
0.4079955398727756
0.38370510333173125
0.12925753095454554
0.23651457793987923
0.3041974207869056
0.4268271813535127
0.2679976242014914
0.2240824344148339
0.3432054060831947
0.47749407267105404
0.12634075547858875
0.2077578810148496
0.4378842519353464
0.2730207178604198
0.1487211641623512
0.471046098848393
0.4812742182818598
0.339686795900698
0.19335035763005626
0.21306361986112132
0.3163279399344876
0.3966068548527256
0.2878560642498411
0.446371461452284
0.28545814641459755
0.33573687962003096
0.28175919168188346
0.4031674292899058
0.4545912729850018
0.32030485010892473
0.12180506414448465
0.49873159805213185
0.44124423121305434
0.47282086654106525
0.41281229418971577
0.46840113985941967
0.10449517137305993
0.322108357327643
0.1337503926535707
0.21491719333275286
0.4220178630196949
0.44330835784442235
0.3648341052709446
0.1462513781543566
0.4430914684372623
0.4640148654357633
0.12123458282484059
0.13559317650435898
0.4970235291004873
0.18207375403974174
0.352022540507024
0.30552308240593584
0.36885477103340825
0.3574099358934565
0.15530960258791981
0.4605942888485247
0.10062429251347589
0.31012069783458396
0.21698817440215185
0.4734873000070502
0.1741206715509827
0.4631593992092865
0.3099271946747147
0.4541137515779594
0.3295024741761087
0.21189846895249903
0.1113171100946651
0.4954377160667106
0.4905271269376458
0.17421880755979174
0.35331996541813493
0.15218658491858428
0.19361880798564393
0.46274925930277166
0.48209403783276683
0.20739230585699153
0.4161964953481919
0.3975870805002705
0.38715923370960614
0.3409756607887027
0.12876047976692312
0.44128443951707597
0.45796672966929086
0.3676999373158836
0.2546440659366812
0.404066766512197
0.4764083791898145
0.1741904080175759
0.2865591216953392
0.43092106952839726
0.3651379795106763
0.39065226611833115
0.4453374783202827
0.13907292597813725
0.3852134834640383
0.20116063608763995
0.45783964740105865
0.4352583725971827
0.2845599622593363
0.420791800893097
0.11043811094343191
0.3452768493402353
0.2982311529227393
0.13857771768151217
0.2027390679279395
0.21640167486743545
0.23319656722793322
0.30275690704964997
0.4029406971721531
0.3260637089971426
0.4954165338516263
0.36230702850917174
0.22345929754904983
0.35872509125429264
0.18760274483993478
0.2579697617228112
0.12419778327662288
0.4236156831179636
0.255419249191657
0.45961190779078753
0.1824340043158429
0.20911473073561543
0.35089238448917637
0.4359471308252726
0.3169099549214026
0.2852362808764216
0.25898753811325337
0.45142491165635235
0.2022952672905808
0.40535549738499754
0.4793363270297488
0.23315349203165237
0.12422023700625417
0.2684982523673454
0.12881203427168422
0.21817472386239212
0.1643744332870931
0.49234161485755434
0.4134337996284597
0.20202407646465376
0.14448876587431114
0.42515198418253575
0.2544536274051773
0.12295947897764324
0.1569033810566594
0.39496908615683013
0.2672624241426399
0.2812445589619067
0.13783722484580513
0.4981287646166844
0.14323527186908486
0.10726062981696338
0.15687110696210427
0.11534067508506106
0.3692626701094128
0.45250847956394924
0.13451314626537655
0.346492793297991
0.41076667500050434
0.3511458264278078
0.3418969913084444
0.24692718776097888
0.3530876987979823
0.12836644142046771
0.41338372519608957
0.4345400896691951
0.402910877825694
0.4631981705118162
0.3649937879662464
0.12048736007069026
0.42202409183811174
0.30299008914672665
0.3098490700087569
0.22851518962255352
0.3640568662955178
0.14536287338103362
0.3248347591762921
0.26633367815704156
0.3853805201197471
0.22315504706447953
0.27745480212239715
0.2807255227912978
0.13835069862525085
0.24559318673561592
0.30374088261126386
0.2420416868777102
0.11660182803592917
0.4147109151075038
0.34362678514032907
0.258519976859646
